0.02936100959777832
0.03231096267700195
0.033640146255493164
0.03600811958312988
0.0390019416809082
0.041792869567871094
0.04357409477233887
0.043723106384277344
0.04915308952331543
0.050601959228515625
0.05201101303100586
0.05248689651489258
0.054193973541259766
0.05453610420227051
0.05491995811462402
0.05492997169494629
0.05505108833312988
0.056359052658081055
0.056596994400024414
0.056730031967163086
0.057369232177734375
0.06064414978027344
0.061383962631225586
0.0632178783416748
0.06327414512634277
0.06367707252502441
0.06598496437072754
0.06857419013977051
0.0688481330871582
0.0689699649810791
0.070281982421875
0.07296395301818848
0.07563614845275879
0.07739996910095215
0.07750415802001953
0.07821297645568848
0.07945609092712402
0.07991194725036621
0.08276104927062988
0.08410501480102539
0.08434295654296875
0.08501291275024414
0.08547210693359375
0.08582091331481934
0.0893099308013916
0.09041500091552734
0.09129619598388672
0.0913691520690918
0.09456086158752441
0.09495782852172852
0.09762716293334961
0.09780216217041016
0.09789013862609863
0.1036520004272461
0.10505795478820801
0.10857295989990234
0.10880589485168457
0.10918378829956055
0.11280393600463867
0.1128242015838623
0.11377811431884766
0.1156008243560791
0.11666107177734375
0.11876797676086426
0.12112689018249512
0.12172198295593262
0.12662982940673828
0.131788969039917
0.13497495651245117
0.13720393180847168
0.15249204635620117
0.2233569622039795
0.3099629878997803
0.7207021713256836
0.7347309589385986
0.8026602268218994
0.805790901184082
0.8379449844360352
0.8595068454742432
1.0496461391448975
1.0537109375
1.0542058944702148
1.0590729713439941
1.0632750988006592
1.0652050971984863
1.0661330223083496
1.066586971282959
1.0671029090881348
1.0672979354858398
1.0697598457336426
1.071835994720459
1.0742690563201904
1.0754749774932861
1.076164960861206
1.084956169128418
1.0856850147247314
1.086522102355957
1.092756986618042
1.1255779266357422
1.12742018699646
1.1351370811462402
1.2052390575408936
1.2657148838043213
1.2750568389892578
1.286879062652588
1.6274919509887695
3.0550169944763184
3.059208869934082
3.0619897842407227
3.0644571781158447
3.06553316116333
3.0708441734313965
3.0715270042419434
3.075958013534546
3.0800890922546387
3.1043031215667725
3.123147964477539
3.142551898956299
3.193100929260254
3.204068183898926
3.274095058441162
3.3843119144439697
3.727841854095459
3.740961790084839
4.5886311531066895
4.596246957778931
4.747016906738281
7.03441596031189
7.075371026992798
7.079633951187134
7.083847999572754
7.100129127502441
7.116605043411255
7.158010959625244
