0.0021049976348876953
0.005146980285644531
0.005568027496337891
0.005934953689575195
0.006139993667602539
0.006652116775512695
0.006768941879272461
0.007885932922363281
0.010333061218261719
0.012938976287841797
0.012974023818969727
0.013081073760986328
0.01324009895324707
0.013444185256958008
0.013620138168334961
0.013720989227294922
0.013899803161621094
0.014194011688232422
0.014552116394042969
0.014837026596069336
0.01605987548828125
0.01617598533630371
0.01642584800720215
0.016445159912109375
0.01649308204650879
0.016628026962280273
0.016798019409179688
0.017106056213378906
0.017333984375
0.017539024353027344
0.017740964889526367
0.01776289939880371
0.017845869064331055
0.017980098724365234
0.018130064010620117
0.018173933029174805
0.018281936645507812
0.01831793785095215
0.0183258056640625
0.018496036529541016
0.01861715316772461
0.01867389678955078
0.018764972686767578
0.01887798309326172
0.019024133682250977
0.019128084182739258
0.0192258358001709
0.019276142120361328
0.01928997039794922
0.019394874572753906
0.01940608024597168
0.019462108612060547
0.019479990005493164
0.0195009708404541
0.019634008407592773
0.0198209285736084
0.019865989685058594
0.019870996475219727
0.019917964935302734
0.019942045211791992
0.0199429988861084
0.01995396614074707
0.019981861114501953
0.01999688148498535
0.02004098892211914
0.02007603645324707
0.02010512351989746
0.020123958587646484
0.020125150680541992
0.02015089988708496
0.020247936248779297
0.020254135131835938
0.02028203010559082
0.02032303810119629
0.020336151123046875
0.020431995391845703
0.020596981048583984
0.02062201499938965
0.020674943923950195
0.0207059383392334
0.020754098892211914
0.020774126052856445
0.020899057388305664
0.02096700668334961
0.02103877067565918
0.021039962768554688
0.02110004425048828
0.02113509178161621
0.021178007125854492
0.021225929260253906
0.021279096603393555
0.02131819725036621
0.021320104598999023
0.021525859832763672
0.021539926528930664
0.021548986434936523
0.02167797088623047
0.021814823150634766
0.02182316780090332
0.021836042404174805
0.021867036819458008
0.021882057189941406
0.021937131881713867
0.02195000648498535
0.021964073181152344
0.02198505401611328
0.022017955780029297
0.022028207778930664
0.022034883499145508
0.0220639705657959
0.022090911865234375
0.02210211753845215
0.02211785316467285
0.022131919860839844
0.022176027297973633
0.0221860408782959
0.02234506607055664
0.02234506607055664
0.022375106811523438
0.022405147552490234
0.022430896759033203
0.022437095642089844
0.022471904754638672
0.022496938705444336
0.022510051727294922
0.022644996643066406
0.02271890640258789
0.02276301383972168
0.022819042205810547
0.022827863693237305
0.02284407615661621
0.02284693717956543
0.0228729248046875
0.022907018661499023
0.022948026657104492
0.023016929626464844
0.023087024688720703
0.023088932037353516
0.023102998733520508
0.02312302589416504
0.02313089370727539
0.023176908493041992
0.023183107376098633
0.023257970809936523
0.023265838623046875
0.023294925689697266
0.023296833038330078
0.023353099822998047
0.02337503433227539
0.02357316017150879
0.0236508846282959
0.023685932159423828
0.023689985275268555
0.02369093894958496
0.023764848709106445
0.02379012107849121
0.023797988891601562
0.023841142654418945
0.023846864700317383
0.02384805679321289
0.02386784553527832
0.023884057998657227
0.023886919021606445
0.023904085159301758
0.023913860321044922
0.02393317222595215
0.02395486831665039
0.023960113525390625
0.02397298812866211
0.024016141891479492
0.024053096771240234
0.024096965789794922
0.024133920669555664
0.024185895919799805
0.024319887161254883
0.024326801300048828
0.02433300018310547
0.024341106414794922
0.024428129196166992
0.024448156356811523
0.024456024169921875
0.02447199821472168
0.024487972259521484
0.024506092071533203
0.024517059326171875
0.0245361328125
0.024538040161132812
0.024554967880249023
0.024572134017944336
0.024591922760009766
0.024592161178588867
0.02463698387145996
0.024656057357788086
0.024700164794921875
0.02472519874572754
0.024817943572998047
0.02483081817626953
0.02484607696533203
0.024858951568603516
0.024866104125976562
0.024936914443969727
0.024938106536865234
0.024951934814453125
0.025002002716064453
0.025020837783813477
0.02502298355102539
0.025037050247192383
0.02506279945373535
0.02510690689086914
0.025143861770629883
0.025166034698486328
0.025222063064575195
0.025238990783691406
0.025255918502807617
0.025307178497314453
0.025310993194580078
0.02536296844482422
0.025402069091796875
0.025404930114746094
0.02541208267211914
0.025450944900512695
0.025461912155151367
0.02547001838684082
0.025487184524536133
0.025526046752929688
0.0255279541015625
0.025528907775878906
0.02555990219116211
0.025574922561645508
0.025586843490600586
0.025600194931030273
0.02566695213317871
0.02571702003479004
0.025717973709106445
0.02572917938232422
0.02579498291015625
0.025803804397583008
0.025819063186645508
0.025825977325439453
0.025854110717773438
0.025856971740722656
0.025868892669677734
0.025873184204101562
0.025875091552734375
0.02587604522705078
0.025948047637939453
0.02596902847290039
0.025972843170166016
0.025983095169067383
0.02601003646850586
0.0260469913482666
0.02605414390563965
0.02606487274169922
0.02608799934387207
0.026133060455322266
0.026156902313232422
0.026211977005004883
0.026263952255249023
0.026304960250854492
0.026311874389648438
0.026384830474853516
0.026406049728393555
0.026419878005981445
0.026443004608154297
0.02646803855895996
0.026514053344726562
0.026549100875854492
0.026584863662719727
0.026597023010253906
0.02660512924194336
0.026645898818969727
0.02664804458618164
0.026661157608032227
0.026679039001464844
0.02668309211730957
0.026702880859375
0.0267179012298584
0.026751041412353516
0.026757001876831055
0.026772022247314453
0.02681112289428711
0.026870012283325195
0.026877880096435547
0.026899099349975586
0.026942968368530273
0.026968002319335938
0.026980876922607422
0.026990175247192383
0.027001142501831055
0.02703094482421875
0.027050018310546875
0.02707695960998535
0.027092933654785156
0.02718496322631836
0.027187108993530273
0.027209043502807617
0.027209043502807617
0.02725982666015625
0.02727198600769043
0.027296066284179688
0.027313947677612305
0.02731609344482422
0.027361154556274414
0.027406930923461914
0.0274200439453125
0.027425050735473633
0.027430057525634766
0.02744317054748535
0.027444839477539062
0.027446985244750977
0.027456998825073242
0.027470111846923828
0.0275571346282959
0.027578115463256836
0.027579069137573242
0.027582168579101562
0.027657032012939453
0.0276639461517334
0.02767181396484375
0.027683019638061523
0.027718067169189453
0.027720928192138672
0.027750015258789062
0.027762889862060547
0.027765989303588867
0.027774810791015625
0.02786707878112793
0.02788686752319336
0.027926921844482422
0.027936935424804688
0.02794194221496582
0.0279691219329834
0.0279848575592041
0.02799701690673828
0.028003931045532227
0.028051137924194336
0.02809309959411621
0.028126001358032227
0.028133869171142578
0.028146982192993164
0.028156042098999023
0.028192996978759766
0.02820301055908203
0.02822709083557129
0.028228044509887695
0.028291940689086914
0.028313159942626953
0.028340816497802734
0.028353214263916016
0.028365135192871094
0.0283660888671875
0.028406143188476562
0.02843785285949707
0.02846693992614746
0.028486967086791992
0.02849888801574707
0.028505802154541016
0.028547048568725586
0.02855205535888672
0.028554916381835938
0.028630971908569336
0.028630971908569336
0.02863907814025879
0.0286409854888916
0.02866196632385254
0.028664112091064453
0.028672218322753906
0.02867412567138672
0.028694868087768555
0.028716087341308594
0.028736114501953125
0.028753042221069336
0.028784990310668945
0.028788089752197266
0.02883601188659668
0.02884078025817871
0.02887105941772461
0.02887892723083496
0.02888202667236328
0.02889704704284668
0.02890300750732422
0.028916120529174805
0.028963088989257812
0.029018878936767578
0.02903604507446289
0.029048919677734375
0.029078960418701172
0.02913689613342285
0.029139041900634766
0.029182910919189453
0.029235124588012695
0.02924203872680664
0.029266834259033203
0.02931809425354004
0.02932596206665039
0.02932596206665039
0.029330968856811523
0.029356956481933594
0.02940511703491211
0.029445886611938477
0.029445886611938477
0.029468059539794922
0.029499053955078125
0.029505014419555664
0.029541969299316406
0.02956986427307129
0.029597043991088867
0.02967214584350586
0.029701948165893555
0.02971482276916504
0.029759883880615234
0.02976512908935547
0.029766082763671875
0.029772043228149414
0.02979898452758789
0.029803991317749023
0.02981400489807129
0.029816150665283203
0.02985095977783203
0.02985405921936035
0.029857873916625977
0.029873132705688477
0.029883146286010742
0.029892921447753906
0.029892921447753906
0.02990102767944336
0.0299069881439209
0.02991199493408203
0.029952049255371094
0.02996206283569336
0.02997303009033203
0.02998805046081543
0.03001093864440918
0.03001093864440918
0.030031919479370117
0.030050039291381836
0.030055999755859375
0.030057907104492188
0.030078887939453125
0.030085086822509766
0.030128002166748047
0.030136823654174805
0.030218839645385742
0.030270099639892578
0.030303001403808594
0.030306100845336914
0.030331850051879883
0.030352115631103516
0.03037881851196289
0.03039407730102539
0.030425071716308594
0.030447959899902344
0.030488014221191406
0.030498981475830078
0.03052806854248047
0.030529022216796875
0.03053903579711914
0.03055286407470703
0.030562877655029297
0.030590057373046875
0.030619144439697266
0.030630111694335938
0.03063511848449707
0.03066706657409668
0.03067803382873535
0.030750036239624023
0.03077411651611328
0.030780792236328125
0.03078484535217285
0.03081798553466797
0.030822038650512695
0.030836105346679688
0.030848979949951172
0.03085923194885254
0.030861854553222656
0.030882835388183594
0.0308840274810791
0.03090691566467285
0.03091597557067871
0.03094196319580078
0.0309450626373291
0.030956029891967773
0.030958175659179688
0.03096914291381836
0.03098893165588379
0.031010866165161133
0.03103804588317871
0.03104400634765625
0.031049013137817383
0.031050920486450195
0.031055927276611328
0.03110480308532715
0.03111100196838379
0.03113389015197754
0.03113412857055664
0.03116607666015625
0.031174182891845703
0.031184911727905273
0.031205177307128906
0.031213045120239258
0.03127312660217285
0.031275033950805664
0.03132319450378418
0.03133392333984375
0.031347036361694336
0.0313570499420166
0.03136301040649414
0.03136706352233887
0.03136801719665527
0.03138089179992676
0.03138089179992676
0.03138399124145508
0.03140616416931152
0.03143477439880371
0.031442880630493164
0.031469106674194336
0.03148388862609863
0.031488895416259766
0.0314939022064209
0.03152203559875488
0.03154110908508301
0.03156781196594238
0.031568050384521484
0.03164219856262207
0.03165721893310547
0.03167605400085449
0.03177905082702637
0.031823158264160156
0.03182506561279297
0.03183698654174805
0.031877994537353516
0.031928062438964844
0.03195595741271973
0.03203582763671875
0.03204798698425293
0.0320589542388916
0.03208184242248535
0.032083988189697266
0.03208613395690918
0.03209400177001953
0.032095909118652344
0.032124996185302734
0.03214693069458008
0.03215813636779785
0.032160043716430664
0.03216409683227539
0.03216910362243652
0.032196044921875
0.03222298622131348
0.032257080078125
0.03226900100708008
0.0322718620300293
0.03229808807373047
0.03230595588684082
0.03234291076660156
0.03236222267150879
0.032362937927246094
0.0323641300201416
0.032389163970947266
0.03239607810974121
0.032447099685668945
0.03250002861022949
0.03250002861022949
0.03251791000366211
0.03252601623535156
0.03252816200256348
0.032536983489990234
0.03257608413696289
0.03257608413696289
0.032592058181762695
0.032649993896484375
0.03266310691833496
0.03268003463745117
0.03268885612487793
0.032715797424316406
0.03273606300354004
0.03275918960571289
0.03278398513793945
0.0328059196472168
0.032814979553222656
0.03282809257507324
0.03287482261657715
0.032876014709472656
0.03290581703186035
0.03293013572692871
0.032948970794677734
0.03295397758483887
0.03304100036621094
0.03305792808532715
0.033071041107177734
0.033087968826293945
0.03311896324157715
0.03317594528198242
0.03317999839782715
0.03319096565246582
0.033210039138793945
0.03324484825134277
0.03333401679992676
0.03334689140319824
0.033358097076416016
0.03339099884033203
0.033416032791137695
0.03343391418457031
0.033448219299316406
0.033455848693847656
0.03345608711242676
0.03345799446105957
0.0334630012512207
0.03348207473754883
0.03348803520202637
0.03350710868835449
0.0335080623626709
0.03353309631347656
0.03353714942932129
0.03355097770690918
0.03358006477355957
0.03358101844787598
0.033590078353881836
0.033622026443481445
0.033663034439086914
0.03368115425109863
0.03369498252868652
0.033724069595336914
0.03372597694396973
0.033766984939575195
0.03378701210021973
0.03380703926086426
0.033807992935180664
0.033843994140625
0.03384518623352051
0.033875226974487305
0.03387784957885742
0.0339360237121582
0.03394794464111328
0.03396105766296387
0.03397417068481445
0.033987998962402344
0.03402400016784668
0.034028053283691406
0.03404998779296875
0.03405404090881348
0.0340580940246582
0.034071922302246094
0.03411698341369629
0.03412485122680664
0.0341339111328125
0.03414201736450195
0.03416299819946289
0.03417611122131348
0.03419089317321777
0.03419685363769531
0.03420710563659668
0.034230947494506836
0.03423786163330078
0.034249067306518555
0.034256935119628906
0.03426098823547363
0.03428292274475098
0.03434610366821289
0.0343470573425293
0.03437304496765137
0.034384965896606445
0.0343928337097168
0.03439688682556152
0.03441190719604492
0.03444194793701172
0.034461021423339844
0.03448796272277832
0.03453183174133301
0.03453803062438965
0.03454017639160156
0.034548044204711914
0.034551143646240234
0.03462409973144531
0.03463578224182129
0.03467297554016113
0.0346989631652832
0.034703969955444336
0.03474617004394531
0.03474998474121094
0.03476285934448242
0.034802913665771484
0.03483700752258301
0.0348658561706543
0.034873008728027344
0.03487420082092285
0.03487896919250488
0.03488492965698242
0.03491091728210449
0.03491497039794922
0.034938812255859375
0.03494882583618164
0.03497886657714844
0.03497886657714844
0.03499197959899902
0.03500199317932129
0.03502297401428223
0.03504514694213867
0.03505301475524902
0.03505587577819824
0.03505992889404297
0.035067081451416016
0.03507518768310547
0.03507685661315918
0.03511404991149902
0.03514289855957031
0.035147905349731445
0.035154104232788086
0.035162925720214844
0.035179853439331055
0.03519701957702637
0.0352020263671875
0.03521084785461426
0.035273075103759766
0.03528285026550293
0.03533506393432617
0.03535294532775879
0.03535604476928711
0.035362958908081055
0.035362958908081055
0.035368919372558594
0.03542780876159668
0.03549909591674805
0.035520076751708984
0.03552389144897461
0.03552579879760742
0.03560280799865723
0.035624027252197266
0.03568005561828613
0.03572487831115723
0.03572487831115723
0.035729169845581055
0.03575706481933594
0.035798072814941406
0.03580594062805176
0.035819053649902344
0.035820960998535156
0.03587198257446289
0.03592205047607422
0.03596806526184082
0.03597307205200195
0.035989999771118164
0.036000967025756836
0.03604006767272949
0.036047935485839844
0.036054134368896484
0.03606295585632324
0.036071062088012695
0.036084890365600586
0.03609800338745117
0.03610396385192871
0.036119937896728516
0.036119937896728516
0.03615093231201172
0.036164045333862305
0.0361940860748291
0.03619694709777832
0.03620314598083496
0.03621196746826172
0.03623795509338379
0.03625202178955078
0.036254167556762695
0.03627419471740723
0.0363459587097168
0.03638887405395508
0.0363919734954834
0.036392927169799805
0.03639578819274902
0.03642392158508301
0.03643393516540527
0.03644585609436035
0.03646397590637207
0.03647613525390625
0.03649115562438965
0.03649401664733887
0.036531925201416016
0.036531925201416016
0.03654789924621582
0.03654885292053223
0.03655099868774414
0.03656601905822754
0.03656816482543945
0.036579132080078125
0.036595821380615234
0.03660702705383301
0.036672115325927734
0.03667783737182617
0.03668212890625
0.036688804626464844
0.03669285774230957
0.0367131233215332
0.03671693801879883
0.036765098571777344
0.0367739200592041
0.0367741584777832
0.0367889404296875
0.03682208061218262
0.03682899475097656
0.036865949630737305
0.036871910095214844
0.03689002990722656
0.03690791130065918
0.036958932876586914
0.036962032318115234
0.036972999572753906
0.03698015213012695
0.03698301315307617
0.03698992729187012
0.03700709342956543
0.03703594207763672
0.037036895751953125
0.0370488166809082
0.03704977035522461
0.037075042724609375
0.03708314895629883
0.037084102630615234
0.037103891372680664
0.03716301918029785
0.03716707229614258
0.03718686103820801
0.03718709945678711
0.03719305992126465
0.03719592094421387
0.03724312782287598
0.03724384307861328
0.03724813461303711
0.03725886344909668
0.037271976470947266
0.0372769832611084
0.03728508949279785
0.03729987144470215
0.03733491897583008
0.037335872650146484
0.03735208511352539
0.03740406036376953
0.037428855895996094
0.03745889663696289
0.03755497932434082
0.037600040435791016
0.037618160247802734
0.03763008117675781
0.03764009475708008
0.0376429557800293
0.03766894340515137
0.03769993782043457
0.03774213790893555
0.03780078887939453
0.03780794143676758
0.03781700134277344
0.03782010078430176
0.037843942642211914
0.037895917892456055
0.03792119026184082
0.037956953048706055
0.03796887397766113
0.03803300857543945
0.038040876388549805
0.038047075271606445
0.03807783126831055
0.03814697265625
0.038147926330566406
0.038163185119628906
0.03818821907043457
0.03828907012939453
0.03829002380371094
0.03831195831298828
0.0383450984954834
0.038372039794921875
0.03838801383972168
0.03840994834899902
0.03844809532165527
0.03845810890197754
0.038496971130371094
0.03854012489318848
0.03856301307678223
0.038580894470214844
0.03862500190734863
0.03864908218383789
0.03865218162536621
0.03869891166687012
0.03870201110839844
0.03870677947998047
0.03870987892150879
0.0387270450592041
0.038736820220947266
0.03873896598815918
0.03874683380126953
0.03875994682312012
0.03876209259033203
0.03876304626464844
0.038765907287597656
0.038780927658081055
0.03881192207336426
0.038851022720336914
0.038861989974975586
0.03886914253234863
0.038873910903930664
0.03887605667114258
0.03890681266784668
0.038928985595703125
0.0389409065246582
0.03894996643066406
0.03895306587219238
0.03897690773010254
0.038980960845947266
0.038984060287475586
0.038986921310424805
0.03907608985900879
0.039079904556274414
0.039099931716918945
0.03913092613220215
0.03916001319885254
0.03916311264038086
0.03919506072998047
0.03920292854309082
0.03920483589172363
0.03921794891357422
0.03922009468078613
0.03923797607421875
0.03924202919006348
0.03925299644470215
0.03925895690917969
0.039298057556152344
0.03931093215942383
0.03932690620422363
0.03933286666870117
0.039357900619506836
0.039357900619506836
0.03937101364135742
0.039418935775756836
0.03942394256591797
0.03943300247192383
0.03944516181945801
0.03945302963256836
0.03952503204345703
0.03955888748168945
0.03957104682922363
0.039572954177856445
0.03960895538330078
0.03965592384338379
0.039665937423706055
0.039711952209472656
0.039732933044433594
0.039808034896850586
0.039819955825805664
0.03982281684875488
0.03984808921813965
0.039891958236694336
0.039897918701171875
0.03990602493286133
0.039906978607177734
0.039913177490234375
0.03992104530334473
0.03993105888366699
0.0399630069732666
0.03997087478637695
0.0399930477142334
0.04002690315246582
0.04006004333496094
0.04006385803222656
0.04012489318847656
0.04020094871520996
0.04020094871520996
0.0402379035949707
0.04027104377746582
0.04027414321899414
0.04030489921569824
0.040305137634277344
0.040307044982910156
0.04033493995666504
0.0403439998626709
0.04035305976867676
0.04038691520690918
0.04039597511291504
0.04043102264404297
0.04043292999267578
0.040450096130371094
0.04045701026916504
0.0404658317565918
0.04047584533691406
0.040498971939086914
0.04050111770629883
0.04051494598388672
0.04053997993469238
0.04055309295654297
0.040574073791503906
0.0405879020690918
0.04063606262207031
0.04065203666687012
0.04070901870727539
0.04071688652038574
0.04074501991271973
0.04079103469848633
0.040860891342163086
0.040863037109375
0.04088401794433594
0.04089999198913574
0.0409090518951416
0.04094982147216797
0.04101085662841797
0.04104208946228027
0.0410459041595459
0.04105496406555176
0.04107213020324707
0.04107308387756348
0.04108405113220215
0.04108715057373047
0.04109501838684082
0.04111814498901367
0.0411219596862793
0.0411372184753418
0.041143178939819336
0.04115104675292969
0.04115605354309082
0.041166067123413086
0.041198015213012695
0.0411989688873291
0.04122805595397949
0.041246891021728516
0.04125094413757324
0.04128003120422363
0.04130887985229492
0.04131793975830078
0.041320085525512695
0.0413210391998291
0.0413210391998291
0.04133296012878418
0.04134798049926758
0.041357994079589844
0.041396141052246094
0.04141497611999512
0.041442155838012695
0.041455984115600586
0.04146981239318848
0.041480064392089844
0.041491031646728516
0.04149603843688965
0.041496992111206055
0.04149818420410156
0.04156303405761719
0.04158306121826172
0.04163694381713867
0.04165911674499512
0.04167604446411133
0.041689157485961914
0.04171395301818848
0.04172110557556152
0.04172110557556152
0.04172706604003906
0.041783809661865234
0.04178595542907715
0.04182600975036621
0.04184889793395996
0.04185295104980469
0.04192495346069336
0.04194998741149902
0.04197216033935547
0.0419769287109375
0.041986942291259766
0.0420069694519043
0.04202008247375488
0.04202604293823242
0.04204583168029785
0.04206395149230957
0.04207491874694824
0.04208016395568848
0.04209303855895996
0.04209613800048828
0.04209780693054199
0.04217720031738281
0.04225802421569824
0.04225897789001465
0.04225897789001465
0.04226493835449219
0.042281150817871094
0.04230690002441406
0.04231405258178711
0.04239296913146973
0.04239702224731445
0.042420148849487305
0.04242300987243652
0.042426109313964844
0.04249215126037598
0.04251408576965332
0.042534828186035156
0.042613983154296875
0.04265308380126953
0.04265594482421875
0.04267001152038574
0.042701005935668945
0.04270291328430176
0.04271197319030762
0.04273700714111328
0.04278683662414551
0.04280495643615723
0.04280591011047363
0.04281783103942871
0.04282498359680176
0.042825937271118164
0.04289507865905762
0.04290890693664551
0.04291200637817383
0.04292106628417969
0.042922019958496094
0.04298686981201172
0.04300093650817871
0.043003082275390625
0.04300403594970703
0.04300498962402344
0.0430150032043457
0.04303097724914551
0.04303598403930664
0.04305315017700195
0.0430600643157959
0.04306983947753906
0.0430760383605957
0.04307818412780762
0.04307889938354492
0.04308605194091797
0.043142080307006836
0.043142080307006836
0.043168067932128906
0.04317188262939453
0.04317617416381836
0.043183088302612305
0.04320812225341797
0.043212890625
0.043270111083984375
0.04327583312988281
0.04334306716918945
0.043395042419433594
0.04341316223144531
0.043431997299194336
0.043473005294799805
0.04350018501281738
0.04351377487182617
0.043528079986572266
0.043540000915527344
0.04355192184448242
0.04355502128601074
0.04355812072753906
0.04356193542480469
0.04359602928161621
0.04363608360290527
0.04365897178649902
0.04366898536682129
0.043675899505615234
0.04367709159851074
0.04367780685424805
0.043688058853149414
0.04369306564331055
0.043736934661865234
0.04373979568481445
0.043760061264038086
0.04376506805419922
0.04378008842468262
0.04385781288146973
0.04387807846069336
0.04389309883117676
0.04393315315246582
0.04399299621582031
0.0440068244934082
0.04401993751525879
0.0440371036529541
0.044049978256225586
0.04405713081359863
0.0440821647644043
0.044103145599365234
0.04410696029663086
0.04416513442993164
0.04417085647583008
0.04417109489440918
0.04422783851623535
0.04423689842224121
0.04424309730529785
0.044245004653930664
0.0442509651184082
0.04426097869873047
0.04434013366699219
0.04435992240905762
0.04438281059265137
0.04438304901123047
0.0443880558013916
0.04448699951171875
0.04449582099914551
0.04450201988220215
0.044526100158691406
0.04453301429748535
0.044534921646118164
0.04456019401550293
0.044586181640625
0.044589996337890625
0.04461407661437988
0.04463601112365723
0.04464602470397949
0.04465293884277344
0.0446779727935791
0.04470205307006836
0.044712066650390625
0.044718027114868164
0.04474210739135742
0.044754981994628906
0.04476499557495117
0.044770002365112305
0.04477286338806152
0.044836997985839844
0.04491996765136719
0.0449371337890625
0.04495406150817871
0.04495596885681152
0.04503989219665527
0.04505109786987305
0.04505300521850586
0.045057058334350586
0.045107126235961914
0.045166015625
0.04519319534301758
0.045217037200927734
0.045247793197631836
0.045262813568115234
0.04526400566101074
0.04526495933532715
0.04530191421508789
0.045343875885009766
0.04536318778991699
0.04536604881286621
0.04537010192871094
0.045397043228149414
0.04544401168823242
0.04550909996032715
0.04551506042480469
0.04554486274719238
0.04554486274719238
0.04557681083679199
0.04558300971984863
0.04561281204223633
0.04563593864440918
0.0456538200378418
0.04565620422363281
0.045664072036743164
0.04566788673400879
0.04567599296569824
0.04569602012634277
0.045703887939453125
0.04573488235473633
0.04574394226074219
0.04575395584106445
0.04576516151428223
0.04576897621154785
0.0457761287689209
0.04578900337219238
0.04580497741699219
0.045816898345947266
0.04584789276123047
0.04586386680603027
0.0458989143371582
0.04591488838195801
0.04591703414916992
0.04594993591308594
0.045951128005981445
0.04596209526062012
0.04596304893493652
0.04596710205078125
0.04598283767700195
0.045992136001586914
0.04609107971191406
0.04610395431518555
0.04613900184631348
0.04618096351623535
0.04620695114135742
0.04621601104736328
0.04625988006591797
0.0462641716003418
0.04631304740905762
0.0463411808013916
0.04640698432922363
0.04640793800354004
0.04642987251281738
0.04645705223083496
0.04645991325378418
0.0464940071105957
0.046514034271240234
0.046514034271240234
0.04651999473571777
0.04653191566467285
0.04653596878051758
0.04653811454772949
0.04655003547668457
0.04656410217285156
0.046630859375
0.04664301872253418
0.04665398597717285
0.04666614532470703
0.046714067459106445
0.04673194885253906
0.04684805870056152
0.0468599796295166
0.04688382148742676
0.046896934509277344
0.04694795608520508
0.04700899124145508
0.04701495170593262
0.04706096649169922
0.04706716537475586
0.047216176986694336
0.04725909233093262
0.04729104042053223
0.04729485511779785
0.04735684394836426
0.04741311073303223
0.04748201370239258
0.04759383201599121
0.04760408401489258
0.04760909080505371
0.047616004943847656
0.0476531982421875
0.04766201972961426
0.04769420623779297
0.04770398139953613
0.04771900177001953
0.047798871994018555
0.04780697822570801
0.04782414436340332
0.04783797264099121
0.04784107208251953
0.04784202575683594
0.047860145568847656
0.04786491394042969
0.04788994789123535
0.04793500900268555
0.047955989837646484
0.047955989837646484
0.04796195030212402
0.04800105094909668
0.04803299903869629
0.04803800582885742
0.048069000244140625
0.04810595512390137
0.048130035400390625
0.04815101623535156
0.04816484451293945
0.048171043395996094
0.04818606376647949
0.04819989204406738
0.04820609092712402
0.04823613166809082
0.04833388328552246
0.04833412170410156
0.04838395118713379
0.048393964767456055
0.04839897155761719
0.04843616485595703
0.04852604866027832
0.04858088493347168
0.048593997955322266
0.04861712455749512
0.04868483543395996
0.04871988296508789
0.04875302314758301
0.04876589775085449
0.04876995086669922
0.04877805709838867
0.04879617691040039
0.04880499839782715
0.048805952072143555
0.04887700080871582
0.04892992973327637
0.048989057540893555
0.04900503158569336
0.049018144607543945
0.04903602600097656
0.04912519454956055
0.04915595054626465
0.04915809631347656
0.04921698570251465
0.04923200607299805
0.0493929386138916
0.04948306083679199
0.04948616027832031
0.04948902130126953
0.049504995346069336
0.04952812194824219
0.049529075622558594
0.04961895942687988
0.04965496063232422
0.04973888397216797
0.04974508285522461
0.04976987838745117
0.04979991912841797
0.04980897903442383
0.04981589317321777
0.04982113838195801
0.04984784126281738
0.049848079681396484
0.049900054931640625
0.04993700981140137
0.04994797706604004
0.04997992515563965
0.04997992515563965
0.04999685287475586
0.050000905990600586
0.05001401901245117
0.050065040588378906
0.05007600784301758
0.05009102821350098
0.05009198188781738
0.05009317398071289
0.05015993118286133
0.05026388168334961
0.05027294158935547
0.05028700828552246
0.0503079891204834
0.050314903259277344
0.050354957580566406
0.05037999153137207
0.05045795440673828
0.05046701431274414
0.05047202110290527
0.05047297477722168
0.05047798156738281
0.050492048263549805
0.050498008728027344
0.050508975982666016
0.050534963607788086
0.05053997039794922
0.05054616928100586
0.05055999755859375
0.050611019134521484
0.05063009262084961
0.05066704750061035
0.05066990852355957
0.050701141357421875
0.05071091651916504
0.05071616172790527
0.05073904991149902
0.05075812339782715
0.05076909065246582
0.05077385902404785
0.05078601837158203
0.05079197883605957
0.05080986022949219
0.050833940505981445
0.05083608627319336
0.05088305473327637
0.05089688301086426
0.05091691017150879
0.05095219612121582
0.05096793174743652
0.05107903480529785
0.0511019229888916
0.05110287666320801
0.051113128662109375
0.05115079879760742
0.05118393898010254
0.05120110511779785
0.05123019218444824
0.05125784873962402
0.05125904083251953
0.05127596855163574
0.051306962966918945
0.0513148307800293
0.05135607719421387
0.05137205123901367
0.051386117935180664
0.05140185356140137
0.05140209197998047
0.05149507522583008
0.05155801773071289
0.05156302452087402
0.05163288116455078
0.05169486999511719
0.051696062088012695
0.051712989807128906
0.05175423622131348
0.05185699462890625
0.051857948303222656
0.051867008209228516
0.05194497108459473
0.05198502540588379
0.05200600624084473
0.05204510688781738
0.052078962326049805
0.05214500427246094
0.05216503143310547
0.05221891403198242
0.05224490165710449
0.052249908447265625
0.05226302146911621
0.0522768497467041
0.05229997634887695
0.052343130111694336
0.052345991134643555
0.05238604545593262
0.05238604545593262
0.05239105224609375
0.052400827407836914
0.05242013931274414
0.05244183540344238
0.052455902099609375
0.05247187614440918
0.052516937255859375
0.05253887176513672
0.052618980407714844
0.052629947662353516
0.052716970443725586
0.05275988578796387
0.052793025970458984
0.05283403396606445
0.05283403396606445
0.05291390419006348
0.05307888984680176
0.05311894416809082
0.05311989784240723
0.05318808555603027
0.05320286750793457
0.05321002006530762
0.05330204963684082
0.05330300331115723
0.0533289909362793
0.05342578887939453
0.0534360408782959
0.05347895622253418
0.0535120964050293
0.053514957427978516
0.05357003211975098
0.05357694625854492
0.053663015365600586
0.053668975830078125
0.05376791954040527
0.05379295349121094
0.05382585525512695
0.053833961486816406
0.053878068923950195
0.05388188362121582
0.05388903617858887
0.053913116455078125
0.0539240837097168
0.05395793914794922
0.05401182174682617
0.05401802062988281
0.054162025451660156
0.05416584014892578
0.054167985916137695
0.05421113967895508
0.054255008697509766
0.05438089370727539
0.05438685417175293
0.054402828216552734
0.05442690849304199
0.054524898529052734
0.05452609062194824
0.054533958435058594
0.0545351505279541
0.05462503433227539
0.054641008377075195
0.05467414855957031
0.05467987060546875
0.05474686622619629
0.0548090934753418
0.05482316017150879
0.05483603477478027
0.054872989654541016
0.05488300323486328
0.05495715141296387
0.05499100685119629
0.055014848709106445
0.0550229549407959
0.05505514144897461
0.05515694618225098
0.05516219139099121
0.05524802207946777
0.05531716346740723
0.05534982681274414
0.055373191833496094
0.05538201332092285
0.05539417266845703
0.05547499656677246
0.05548381805419922
0.055497169494628906
0.05551505088806152
0.05555391311645508
0.05556917190551758
0.055689096450805664
0.055708885192871094
0.0557100772857666
0.05571889877319336
0.05575990676879883
0.055854082107543945
0.055880069732666016
0.055893898010253906
0.05597400665283203
0.05598902702331543
0.055989980697631836
0.056077003479003906
0.056108951568603516
0.05612516403198242
0.05624699592590332
0.05627894401550293
0.056344032287597656
0.05635499954223633
0.056411027908325195
0.05652308464050293
0.056533098220825195
0.056581974029541016
0.05658292770385742
0.05663704872131348
0.05669808387756348
0.05669808387756348
0.05675077438354492
0.0570528507232666
0.05709505081176758
0.05720806121826172
0.057212114334106445
0.05729198455810547
0.05732297897338867
0.057348012924194336
0.057369232177734375
0.05743288993835449
0.05750393867492676
0.057511091232299805
0.05752992630004883
0.057604074478149414
0.05761289596557617
0.057797908782958984
0.057804107666015625
0.05784416198730469
0.05792999267578125
0.05793905258178711
0.057975053787231445
0.05803799629211426
0.05815410614013672
0.058193206787109375
0.05820488929748535
0.05820798873901367
0.0582120418548584
0.05823493003845215
0.05827593803405762
0.0583188533782959
0.05846405029296875
0.05852389335632324
0.058580875396728516
0.05860090255737305
0.05868101119995117
0.0587458610534668
0.05879497528076172
0.058901071548461914
0.05897212028503418
0.058997154235839844
0.05900716781616211
0.05906200408935547
0.05907702445983887
0.05907893180847168
0.05910086631774902
0.059136152267456055
0.05914497375488281
0.059179067611694336
0.05919504165649414
0.05946016311645508
0.059477806091308594
0.05959606170654297
0.05961799621582031
0.059619903564453125
0.05965590476989746
0.05967307090759277
0.05973315238952637
0.05973696708679199
0.05988311767578125
0.059895992279052734
0.05990314483642578
0.05990719795227051
0.05991315841674805
0.06000494956970215
0.06002402305603027
0.0601201057434082
0.060122013092041016
0.0601649284362793
0.0602421760559082
0.06028413772583008
0.06029200553894043
0.06039094924926758
0.06039595603942871
0.060441017150878906
0.06065702438354492
0.060701847076416016
0.060730934143066406
0.06075310707092285
0.06076812744140625
0.060771942138671875
0.06085395812988281
0.0608820915222168
0.06095314025878906
0.06100296974182129
0.0612180233001709
0.06122112274169922
0.061303138732910156
0.06133389472961426
0.06153297424316406
0.06161308288574219
0.06161999702453613
0.061717987060546875
0.06197190284729004
0.06200599670410156
0.06252002716064453
0.06263303756713867
0.06264281272888184
0.06277799606323242
0.06278204917907715
0.06286001205444336
0.06301689147949219
0.06305313110351562
0.06322193145751953
0.06332087516784668
0.06336092948913574
0.0637362003326416
0.06386208534240723
0.06402897834777832
0.06403112411499023
0.06418919563293457
0.064208984375
0.06450605392456055
0.06482791900634766
0.06496691703796387
0.0652761459350586
0.06529617309570312
0.06543588638305664
0.06548285484313965
0.06560611724853516
0.06560802459716797
0.06595182418823242
0.06598591804504395
0.0659949779510498
0.06606793403625488
0.0660710334777832
0.0661921501159668
0.06622099876403809
0.06642985343933105
0.06662201881408691
0.06689095497131348
0.06751084327697754
0.06792712211608887
0.06892108917236328
0.06923890113830566
0.06941103935241699
0.07038283348083496
0.07118797302246094
0.07126784324645996
0.07181215286254883
0.07187414169311523
0.07222414016723633
0.07277894020080566
0.07351398468017578
0.07372808456420898
0.07447385787963867
0.07497191429138184
0.07894611358642578
0.07952499389648438
0.08041787147521973
0.08100485801696777
0.08729696273803711
0.08992910385131836
0.09148097038269043
0.2183828353881836
0.21868610382080078
0.22365188598632812
0.22558999061584473
0.22668910026550293
0.22675299644470215
0.22858405113220215
0.22866606712341309
0.22892117500305176
0.2314310073852539
0.23225688934326172
0.23235392570495605
0.2338731288909912
0.2344651222229004
0.23559093475341797
0.23792791366577148
0.23873186111450195
0.23952198028564453
0.2406928539276123
0.24092483520507812
0.24150586128234863
0.24218511581420898
0.2429521083831787
0.24373221397399902
0.24383997917175293
0.24416494369506836
0.2445998191833496
0.24553585052490234
0.2456209659576416
0.24604487419128418
0.24616503715515137
0.24715304374694824
0.24720001220703125
0.24744200706481934
0.24782490730285645
0.2480158805847168
0.24851608276367188
0.24866104125976562
0.24869394302368164
0.2489778995513916
0.2490692138671875
0.24926018714904785
0.24954700469970703
0.24996495246887207
0.25017499923706055
0.25023794174194336
0.2504441738128662
0.2504870891571045
0.25072693824768066
0.25089383125305176
0.25115418434143066
0.2513289451599121
0.2516319751739502
0.2517399787902832
0.25223588943481445
0.252791166305542
0.2529780864715576
0.2533290386199951
0.25351715087890625
0.25364184379577637
0.25414085388183594
0.2543671131134033
0.2545740604400635
0.25541090965270996
0.25615501403808594
0.2561619281768799
0.2571752071380615
0.2573740482330322
0.25739407539367676
0.2580580711364746
0.2581961154937744
0.25872302055358887
0.2587850093841553
0.25911808013916016
0.2596700191497803
0.25992298126220703
0.2608811855316162
0.2609579563140869
0.2612650394439697
0.2613050937652588
0.2614281177520752
0.2615621089935303
0.2617990970611572
0.2618889808654785
0.26194119453430176
0.2642478942871094
0.26449012756347656
0.2646298408508301
0.26521897315979004
0.26595497131347656
0.2666208744049072
0.2669250965118408
0.26714396476745605
0.26739001274108887
0.2674720287322998
0.2678260803222656
0.26798391342163086
0.26821398735046387
0.26822805404663086
0.2684178352355957
0.2685551643371582
0.26905202865600586
0.2711911201477051
0.2717900276184082
0.2722029685974121
0.27235889434814453
0.27257800102233887
0.2731139659881592
0.2733280658721924
0.2733619213104248
0.2738220691680908
0.273967981338501
0.2741219997406006
0.2742619514465332
0.274852991104126
0.2756509780883789
0.2757229804992676
0.2757749557495117
0.2757911682128906
0.27579307556152344
0.2759068012237549
0.2762939929962158
0.2770829200744629
0.2821788787841797
0.28233909606933594
0.2824208736419678
0.28562283515930176
0.3027069568634033
0.6528370380401611
0.6643798351287842
0.6680350303649902
0.670220136642456
0.6735320091247559
0.676145076751709
0.6763551235198975
0.6794180870056152
0.6811830997467041
0.6841859817504883
0.686103105545044
0.6920769214630127
0.6936249732971191
0.6944000720977783
0.6961760520935059
0.6969659328460693
0.6984541416168213
0.6990180015563965
0.7013058662414551
0.7025070190429688
0.7028601169586182
0.7050421237945557
0.7073159217834473
0.7108891010284424
0.7119860649108887
1.0148658752441406
1.0168778896331787
1.0173349380493164
1.0178120136260986
1.0186669826507568
1.0190331935882568
1.019118070602417
1.0208559036254883
1.0212171077728271
1.0214779376983643
1.0216681957244873
1.02168607711792
1.0217339992523193
1.0218050479888916
1.0226669311523438
1.0229308605194092
1.0230231285095215
1.0233900547027588
1.0235350131988525
1.0235610008239746
1.023573875427246
1.0237131118774414
1.0239520072937012
1.0241830348968506
1.0242459774017334
1.024454116821289
1.024573802947998
1.0253279209136963
1.025381088256836
1.0274429321289062
1.0279929637908936
1.0280561447143555
1.0281100273132324
1.0283119678497314
1.0295300483703613
1.0298001766204834
1.0302519798278809
1.0305018424987793
1.0305759906768799
1.0307729244232178
1.0312731266021729
1.031358003616333
1.0314710140228271
1.0316250324249268
1.031799077987671
1.0318121910095215
1.0323832035064697
1.0325219631195068
1.0325889587402344
1.0326271057128906
1.0326731204986572
1.0328919887542725
1.0330860614776611
1.0335969924926758
1.0336110591888428
1.033627986907959
1.0339128971099854
1.0340781211853027
1.0341508388519287
1.0341541767120361
1.0343480110168457
1.034376859664917
1.034470796585083
1.0346660614013672
1.0347330570220947
1.0347740650177002
1.0348169803619385
1.0350701808929443
1.0352938175201416
1.035309076309204
1.0353739261627197
1.035377025604248
1.0357251167297363
1.0358810424804688
1.0358991622924805
1.035994052886963
1.036384105682373
1.036458969116211
1.036531925201416
1.0368878841400146
1.0370361804962158
1.0371911525726318
1.0372331142425537
1.0372490882873535
1.0373201370239258
1.0386040210723877
1.0386459827423096
1.0387098789215088
1.0390079021453857
1.0394408702850342
1.039546012878418
1.0396771430969238
1.03975510597229
1.0399878025054932
1.0400121212005615
1.0401010513305664
1.0402140617370605
1.040252923965454
1.0403001308441162
1.0404090881347656
1.0405330657958984
1.0405340194702148
1.0406558513641357
1.040830135345459
1.0409760475158691
1.0410339832305908
1.0411109924316406
1.0411481857299805
1.0412230491638184
1.0415990352630615
1.0416231155395508
1.041766881942749
1.0420870780944824
1.0422189235687256
1.042219877243042
1.042323112487793
1.042452096939087
1.0425961017608643
1.0436418056488037
1.0439999103546143
1.0440318584442139
1.0441110134124756
1.0446269512176514
1.0451741218566895
1.0452630519866943
1.04534912109375
1.0455949306488037
1.045814037322998
1.0458159446716309
1.0459120273590088
1.0459480285644531
1.0460448265075684
1.046165943145752
1.0464098453521729
1.0468220710754395
1.046875
1.047286033630371
1.0475430488586426
1.047563076019287
1.047691822052002
1.0479381084442139
1.0480351448059082
1.0484111309051514
1.048537015914917
1.049015998840332
1.0492541790008545
1.0496890544891357
1.0498950481414795
1.0500609874725342
1.0509498119354248
1.0512089729309082
1.0518229007720947
1.0527729988098145
1.0527849197387695
1.0528700351715088
1.053044080734253
1.053663969039917
1.0537540912628174
1.0539419651031494
1.0542898178100586
1.0547559261322021
1.0549368858337402
1.0555939674377441
1.055732011795044
1.055992841720581
1.0566589832305908
1.0571708679199219
1.0581140518188477
1.05867600440979
1.0597867965698242
1.0603699684143066
1.06109619140625
1.0614278316497803
1.0617051124572754
1.062445878982544
1.062946081161499
1.0630340576171875
1.0632309913635254
1.0633368492126465
1.064068078994751
1.0641019344329834
1.0641539096832275
1.0642058849334717
1.0650770664215088
1.0651168823242188
1.0660719871520996
1.0672409534454346
1.070904016494751
1.072930097579956
1.0735750198364258
1.0742368698120117
1.0745289325714111
1.0756568908691406
1.0772778987884521
1.2411119937896729
1.2467548847198486
1.249220848083496
1.250802993774414
1.2514009475708008
1.2526490688323975
1.2571508884429932
1.2577149868011475
1.2581710815429688
1.2584471702575684
1.2585728168487549
1.2588279247283936
1.2591679096221924
1.262397050857544
1.2634038925170898
1.263416051864624
1.2659659385681152
1.2700090408325195
1.270792007446289
1.2998249530792236
1.3006999492645264
1.6457710266113281
1.6681749820709229
1.6728320121765137
1.7020540237426758
2.5915961265563965
3.019212007522583
3.024876117706299
3.0289859771728516
3.0296339988708496
3.0316162109375
3.032668113708496
3.035055160522461
3.0354058742523193
3.035950183868408
3.037938117980957
3.038361072540283
3.038393020629883
3.0404999256134033
3.0406298637390137
3.0406479835510254
3.0409560203552246
3.041100025177002
3.0415990352630615
3.0467159748077393
3.0482800006866455
3.0486979484558105
3.0534539222717285
3.0559561252593994
3.0561158657073975
3.0601320266723633
3.0621581077575684
3.0625619888305664
3.077075958251953
3.2811338901519775
7.025407075881958
7.026288986206055
7.038655996322632
