0.0021560192108154297
0.002226114273071289
0.002256155014038086
0.0022737979888916016
0.002317190170288086
0.002335071563720703
0.0023429393768310547
0.002415895462036133
0.002434968948364258
0.0024399757385253906
0.002554178237915039
0.0026328563690185547
0.0026340484619140625
0.0026628971099853516
0.002707958221435547
0.0027201175689697266
0.003061056137084961
0.0031528472900390625
0.003443002700805664
0.003763914108276367
0.0038101673126220703
0.003846883773803711
0.004158973693847656
0.0042498111724853516
0.004418849945068359
0.004734992980957031
0.00524592399597168
0.0055239200592041016
0.006174802780151367
0.006749153137207031
0.006907939910888672
0.0071468353271484375
0.007551908493041992
0.008433818817138672
0.008703947067260742
0.008766889572143555
0.009368896484375
0.010187149047851562
0.01066899299621582
0.010973930358886719
0.01111602783203125
0.011469841003417969
0.01147913932800293
0.011522054672241211
0.012046098709106445
0.01246190071105957
0.012640953063964844
0.01285099983215332
0.013151884078979492
0.013509988784790039
0.014106035232543945
0.014438152313232422
0.014594078063964844
0.014698028564453125
0.014732837677001953
0.015053033828735352
0.015369892120361328
0.01565408706665039
0.0158689022064209
0.016108036041259766
0.016120195388793945
0.016150951385498047
0.016186952590942383
0.01619100570678711
0.0162808895111084
0.016309022903442383
0.016490936279296875
0.016713857650756836
0.016991853713989258
0.017014026641845703
0.01702594757080078
0.01705312728881836
0.017175912857055664
0.017255067825317383
0.017259836196899414
0.017300844192504883
0.017325162887573242
0.017341136932373047
0.017405986785888672
0.01742100715637207
0.017426013946533203
0.017462968826293945
0.01746392250061035
0.017550945281982422
0.01783299446105957
0.017835140228271484
0.017845869064331055
0.0178530216217041
0.01813793182373047
0.018193960189819336
0.0183260440826416
0.018424034118652344
0.01844000816345215
0.018491029739379883
0.018527984619140625
0.018545866012573242
0.018568992614746094
0.01857304573059082
0.018598079681396484
0.018656015396118164
0.018661022186279297
0.018750905990600586
0.018803119659423828
0.018806934356689453
0.018922090530395508
0.018932104110717773
0.01893305778503418
0.018971920013427734
0.01897907257080078
0.018988847732543945
0.019122838973999023
0.01914381980895996
0.019172191619873047
0.01919412612915039
0.019251108169555664
0.019279003143310547
0.019308090209960938
0.01931309700012207
0.01932692527770996
0.019344091415405273
0.019345998764038086
0.019421100616455078
0.019565105438232422
0.019588947296142578
0.019669055938720703
0.0197298526763916
0.01975393295288086
0.019778966903686523
0.01990199089050293
0.01992511749267578
0.019928932189941406
0.019967079162597656
0.019970178604125977
0.020020008087158203
0.02005481719970703
0.02011704444885254
0.02012181282043457
0.020123958587646484
0.02016282081604004
0.0201871395111084
0.020220041275024414
0.020238876342773438
0.020240068435668945
0.02026081085205078
0.020285844802856445
0.020359039306640625
0.02038097381591797
0.020467042922973633
0.020475149154663086
0.020492076873779297
0.020558834075927734
0.020570993423461914
0.02058720588684082
0.020596981048583984
0.02066802978515625
0.020674943923950195
0.020704030990600586
0.02074122428894043
0.020825862884521484
0.020833969116210938
0.020845890045166016
0.020861148834228516
0.020865917205810547
0.02087092399597168
0.020891904830932617
0.020895004272460938
0.020933866500854492
0.02095794677734375
0.02095818519592285
0.02100396156311035
0.02102494239807129
0.021073102951049805
0.021121978759765625
0.02114391326904297
0.021168947219848633
0.021249055862426758
0.021296024322509766
0.021301984786987305
0.02130889892578125
0.021326065063476562
0.021359920501708984
0.021375179290771484
0.021432876586914062
0.02145695686340332
0.021471023559570312
0.021507978439331055
0.021511077880859375
0.021511077880859375
0.02151203155517578
0.021537065505981445
0.02154707908630371
0.02155303955078125
0.02163410186767578
0.02167987823486328
0.02168107032775879
0.021691083908081055
0.021715879440307617
0.02172398567199707
0.02172994613647461
0.02172994613647461
0.02177596092224121
0.021783113479614258
0.021786928176879883
0.02180004119873047
0.0218198299407959
0.02182292938232422
0.02182602882385254
0.021834135055541992
0.021847009658813477
0.021864891052246094
0.021932125091552734
0.021948814392089844
0.021962881088256836
0.021988868713378906
0.02199697494506836
0.022094011306762695
0.0221099853515625
0.02213597297668457
0.022136926651000977
0.022138118743896484
0.02213883399963379
0.02216506004333496
0.022170066833496094
0.022204875946044922
0.02225208282470703
0.02227306365966797
0.02230381965637207
0.02234196662902832
0.022378206253051758
0.022411108016967773
0.022485017776489258
0.022517919540405273
0.022561073303222656
0.0225679874420166
0.022648096084594727
0.022665977478027344
0.02267909049987793
0.022697925567626953
0.02271890640258789
0.02272510528564453
0.02273106575012207
0.02274608612060547
0.022759199142456055
0.022764205932617188
0.022767066955566406
0.02276897430419922
0.022774934768676758
0.02279210090637207
0.022806167602539062
0.022813081741333008
0.0228269100189209
0.022829055786132812
0.0228421688079834
0.022861957550048828
0.02290487289428711
0.022922039031982422
0.022938966751098633
0.02295708656311035
0.02297806739807129
0.022993803024291992
0.023046016693115234
0.023051977157592773
0.023051977157592773
0.02307891845703125
0.023113012313842773
0.023175954818725586
0.023175954818725586
0.023231029510498047
0.02323603630065918
0.02328205108642578
0.023298978805541992
0.02330303192138672
0.02330803871154785
0.023365020751953125
0.02336907386779785
0.023392915725708008
0.023396968841552734
0.023406028747558594
0.023411989212036133
0.023420095443725586
0.02344799041748047
0.023458003997802734
0.023469924926757812
0.02349400520324707
0.02351999282836914
0.023576021194458008
0.02357792854309082
0.02359795570373535
0.023602962493896484
0.023617982864379883
0.023674964904785156
0.02369403839111328
0.023700952529907227
0.023723840713500977
0.02372884750366211
0.023797035217285156
0.023812055587768555
0.023878097534179688
0.02388596534729004
0.02390599250793457
0.02393507957458496
0.023949146270751953
0.023975133895874023
0.024044036865234375
0.024113893508911133
0.024145126342773438
0.024145126342773438
0.024155139923095703
0.02416396141052246
0.024172067642211914
0.02422499656677246
0.02428603172302246
0.024302005767822266
0.02431488037109375
0.024386882781982422
0.024391889572143555
0.024399995803833008
0.024432897567749023
0.024512767791748047
0.02456498146057129
0.024593830108642578
0.024606943130493164
0.0246429443359375
0.024643898010253906
0.02468419075012207
0.024713993072509766
0.02472686767578125
0.024731874465942383
0.02474498748779297
0.024780988693237305
0.02484893798828125
0.024852991104125977
0.024888992309570312
0.024910926818847656
0.024916887283325195
0.024930953979492188
0.02497410774230957
0.024976015090942383
0.024993896484375
0.024993896484375
0.025013208389282227
0.025053977966308594
0.02509593963623047
0.02513599395751953
0.02514791488647461
0.02515578269958496
0.025174856185913086
0.025196075439453125
0.02520298957824707
0.025249958038330078
0.025255918502807617
0.025312185287475586
0.025326013565063477
0.025335073471069336
0.025348901748657227
0.02535104751586914
0.025356054306030273
0.025372982025146484
0.02538013458251953
0.025400876998901367
0.02541208267211914
0.025429964065551758
0.025461196899414062
0.02549004554748535
0.025494813919067383
0.025515079498291016
0.025595903396606445
0.025601863861083984
0.02564382553100586
0.025668859481811523
0.025738000869750977
0.025754928588867188
0.025775909423828125
0.025789976119995117
0.025802135467529297
0.025818824768066406
0.025821924209594727
0.02584695816040039
0.025869131088256836
0.025897979736328125
0.025933027267456055
0.025964975357055664
0.025965213775634766
0.025994062423706055
0.02600407600402832
0.02605605125427246
0.026081085205078125
0.026088953018188477
0.02609086036682129
0.026125192642211914
0.026157140731811523
0.026160001754760742
0.02616596221923828
0.026178836822509766
0.02622199058532715
0.0262298583984375
0.02625584602355957
0.026302099227905273
0.026333093643188477
0.026369094848632812
0.026391029357910156
0.026423931121826172
0.026444196701049805
0.026445865631103516
0.026479005813598633
0.02649092674255371
0.026538848876953125
0.026554107666015625
0.026611804962158203
0.02662801742553711
0.026645183563232422
0.026653051376342773
0.02666187286376953
0.026664018630981445
0.026681900024414062
0.026712894439697266
0.026721954345703125
0.026725053787231445
0.026744842529296875
0.02678990364074707
0.026811838150024414
0.026823043823242188
0.026836156845092773
0.02683711051940918
0.026841163635253906
0.026873111724853516
0.02688002586364746
0.02688312530517578
0.02689504623413086
0.026931047439575195
0.026942014694213867
0.02694392204284668
0.026968955993652344
0.027019023895263672
0.02702498435974121
0.02703118324279785
0.027042865753173828
0.027048826217651367
0.027051925659179688
0.0270540714263916
0.02707982063293457
0.02708292007446289
0.02708911895751953
0.027101993560791016
0.027113914489746094
0.027127981185913086
0.027129173278808594
0.027132034301757812
0.02713489532470703
0.02714991569519043
0.027167081832885742
0.02720808982849121
0.02723383903503418
0.02724599838256836
0.02724599838256836
0.02729487419128418
0.0272979736328125
0.027302980422973633
0.02741098403930664
0.027436017990112305
0.027437925338745117
0.027444124221801758
0.027449846267700195
0.027463197708129883
0.027464866638183594
0.0274960994720459
0.027517080307006836
0.027570009231567383
0.027601003646850586
0.027613162994384766
0.027623891830444336
0.027699947357177734
0.0277099609375
0.02772998809814453
0.027731895446777344
0.02773284912109375
0.027736902236938477
0.027737855911254883
0.027782201766967773
0.027805089950561523
0.027807950973510742
0.02782893180847168
0.027842044830322266
0.027848005294799805
0.027865886688232422
0.027892112731933594
0.02790999412536621
0.02793097496032715
0.027940034866333008
0.027946949005126953
0.027959108352661133
0.027980804443359375
0.02799201011657715
0.028002023696899414
0.028051137924194336
0.028069019317626953
0.028095006942749023
0.028113126754760742
0.02811598777770996
0.028130054473876953
0.028136014938354492
0.028171062469482422
0.0281829833984375
0.02818894386291504
0.028198957443237305
0.028256893157958984
0.028256893157958984
0.028275012969970703
0.028285980224609375
0.02833104133605957
0.028339862823486328
0.02837395668029785
0.028382062911987305
0.028400897979736328
0.028414011001586914
0.0284879207611084
0.028495073318481445
0.028495073318481445
0.028514862060546875
0.02853083610534668
0.02855205535888672
0.028554201126098633
0.028606891632080078
0.02861189842224121
0.028650999069213867
0.02865290641784668
0.028661012649536133
0.02867913246154785
0.02869701385498047
0.028707027435302734
0.028728008270263672
0.028733015060424805
0.028734922409057617
0.02874612808227539
0.028774023056030273
0.02878117561340332
0.028788089752197266
0.02881002426147461
0.02883005142211914
0.028832197189331055
0.02886795997619629
0.02889394760131836
0.02891993522644043
0.028931856155395508
0.028935909271240234
0.029018878936767578
0.029081106185913086
0.02909994125366211
0.029124021530151367
0.029146194458007812
0.029155969619750977
0.029159069061279297
0.029165983200073242
0.029168128967285156
0.02918386459350586
0.029222965240478516
0.02923107147216797
0.029246091842651367
0.029284954071044922
0.02929091453552246
0.02929401397705078
0.02930903434753418
0.029316186904907227
0.02931690216064453
0.029325008392333984
0.029375076293945312
0.029378890991210938
0.029378890991210938
0.029399871826171875
0.029409170150756836
0.029434919357299805
0.029440879821777344
0.029541015625
0.029541015625
0.029642105102539062
0.029762983322143555
0.029771089553833008
0.029930830001831055
0.029954910278320312
0.02998495101928711
0.029999971389770508
0.030024051666259766
0.030090808868408203
0.03009796142578125
0.030110836029052734
0.03012681007385254
0.030131101608276367
0.030139923095703125
0.03014087677001953
0.030147075653076172
0.03015589714050293
0.030174970626831055
0.030203819274902344
0.030253171920776367
0.03026413917541504
0.030278921127319336
0.030282974243164062
0.030289888381958008
0.030292034149169922
0.030305147171020508
0.030306100845336914
0.030343055725097656
0.03037118911743164
0.03042888641357422
0.030459880828857422
0.030462980270385742
0.03046417236328125
0.030491113662719727
0.030498981475830078
0.03050398826599121
0.03053593635559082
0.030544042587280273
0.030548810958862305
0.030551910400390625
0.030558109283447266
0.030565977096557617
0.030573129653930664
0.030575037002563477
0.030575990676879883
0.030604124069213867
0.030605077743530273
0.030611038208007812
0.030622005462646484
0.030627012252807617
0.030642986297607422
0.030646085739135742
0.03064703941345215
0.030649900436401367
0.030677080154418945
0.03067803382873535
0.03069305419921875
0.030703067779541016
0.030755996704101562
0.030779123306274414
0.03079390525817871
0.030797958374023438
0.030801057815551758
0.030826091766357422
0.030843019485473633
0.030845165252685547
0.030846834182739258
0.030847787857055664
0.03086400032043457
0.03088998794555664
0.030910968780517578
0.03094005584716797
0.03095078468322754
0.030958890914916992
0.03096604347229004
0.03096604347229004
0.030982017517089844
0.03101801872253418
0.031019210815429688
0.03103494644165039
0.03106093406677246
0.031071186065673828
0.0310971736907959
0.031113862991333008
0.031121015548706055
0.03115391731262207
0.03117084503173828
0.031178951263427734
0.03118300437927246
0.031187772750854492
0.031206130981445312
0.031232833862304688
0.03126692771911621
0.03128409385681152
0.03131294250488281
0.03131604194641113
0.031317949295043945
0.0313568115234375
0.03137803077697754
0.03139996528625488
0.03140592575073242
0.03144407272338867
0.031458139419555664
0.0314791202545166
0.03148198127746582
0.031516075134277344
0.031538963317871094
0.03155779838562012
0.03157997131347656
0.03158402442932129
0.03165316581726074
0.031683921813964844
0.031703948974609375
0.03172802925109863
0.03173184394836426
0.03176403045654297
0.03177785873413086
0.03179597854614258
0.03183722496032715
0.03183913230895996
0.031944990158081055
0.03200197219848633
0.03202009201049805
0.03203010559082031
0.03205513954162598
0.03206992149353027
0.032070159912109375
0.03207111358642578
0.03208208084106445
0.03208613395690918
0.03210091590881348
0.03214693069458008
0.03215599060058594
0.03215599060058594
0.03216981887817383
0.0322110652923584
0.032243967056274414
0.03224492073059082
0.032256126403808594
0.03232312202453613
0.03237009048461914
0.03238701820373535
0.03241300582885742
0.03244304656982422
0.032450199127197266
0.03251910209655762
0.03252100944519043
0.03257894515991211
0.03259992599487305
0.03260612487792969
0.03260993957519531
0.03263592720031738
0.03265714645385742
0.032659053802490234
0.03269386291503906
0.03269386291503906
0.032716989517211914
0.03272891044616699
0.032752037048339844
0.0327601432800293
0.03276205062866211
0.032772064208984375
0.03277707099914551
0.03278493881225586
0.03279590606689453
0.03281283378601074
0.03281998634338379
0.03282904624938965
0.032846927642822266
0.03286600112915039
0.03286910057067871
0.03287100791931152
0.03287816047668457
0.032884836196899414
0.03289008140563965
0.03289318084716797
0.03297901153564453
0.03302907943725586
0.033029794692993164
0.03303194046020508
0.033033132553100586
0.03303694725036621
0.03305196762084961
0.03305506706237793
0.033061981201171875
0.03308296203613281
0.03311300277709961
0.0331270694732666
0.033139944076538086
0.0331728458404541
0.033174991607666016
0.03318190574645996
0.03318905830383301
0.03319501876831055
0.03322315216064453
0.033228158950805664
0.033236026763916016
0.03324699401855469
0.033255815505981445
0.03325700759887695
0.03327679634094238
0.03327798843383789
0.03331398963928223
0.03332114219665527
0.03333902359008789
0.03336906433105469
0.033377885818481445
0.03339219093322754
0.03340482711791992
0.03342008590698242
0.03344893455505371
0.03344893455505371
0.03349590301513672
0.03350400924682617
0.03350996971130371
0.03351187705993652
0.033535003662109375
0.0335688591003418
0.03358101844787598
0.03358793258666992
0.033601999282836914
0.0336148738861084
0.03362298011779785
0.03363680839538574
0.033659934997558594
0.03366398811340332
0.033679962158203125
0.03369402885437012
0.03369402885437012
0.033696889877319336
0.03370189666748047
0.03371095657348633
0.03375720977783203
0.03376579284667969
0.03389716148376465
0.033902883529663086
0.03391695022583008
0.03392386436462402
0.03397202491760254
0.033972978591918945
0.033976078033447266
0.03401017189025879
0.03405308723449707
0.034082889556884766
0.03408408164978027
0.034085988998413086
0.034091949462890625
0.03413105010986328
0.03413200378417969
0.03413200378417969
0.03413510322570801
0.034140825271606445
0.034152984619140625
0.034158945083618164
0.03416705131530762
0.03417706489562988
0.03418707847595215
0.03419613838195801
0.03419804573059082
0.03422403335571289
0.034240007400512695
0.0342409610748291
0.03425717353820801
0.03426408767700195
0.034269094467163086
0.034284114837646484
0.03428506851196289
0.03431987762451172
0.034339189529418945
0.0343630313873291
0.03437399864196777
0.03443098068237305
0.03445696830749512
0.034461021423339844
0.034464120864868164
0.03452706336975098
0.034529924392700195
0.03453183174133301
0.03453779220581055
0.0345759391784668
0.03461599349975586
0.03461909294128418
0.034619808197021484
0.03466296195983887
0.034668922424316406
0.03470301628112793
0.03473997116088867
0.034745216369628906
0.034754037857055664
0.03477907180786133
0.0347900390625
0.034841060638427734
0.03484702110290527
0.03492999076843262
0.034945011138916016
0.03494596481323242
0.03501391410827637
0.03501701354980469
0.03503108024597168
0.035043954849243164
0.0350499153137207
0.03505301475524902
0.03505516052246094
0.03508400917053223
0.03509187698364258
0.0351099967956543
0.03512716293334961
0.03514289855957031
0.03514599800109863
0.035166025161743164
0.035173892974853516
0.035185813903808594
0.035202980041503906
0.03520798683166504
0.03522610664367676
0.03526902198791504
0.03527712821960449
0.03530120849609375
0.03530716896057129
0.035308122634887695
0.035347938537597656
0.03537797927856445
0.035382986068725586
0.03538918495178223
0.03541088104248047
0.035420894622802734
0.03543996810913086
0.035443782806396484
0.03544902801513672
0.035475969314575195
0.03550314903259277
0.035527944564819336
0.03552818298339844
0.03554987907409668
0.035594940185546875
0.03563380241394043
0.03565502166748047
0.0357060432434082
0.03571915626525879
0.03571915626525879
0.03572797775268555
0.03579998016357422
0.035820960998535156
0.03583884239196777
0.035871028900146484
0.03591513633728027
0.03591585159301758
0.03592109680175781
0.035964012145996094
0.03597116470336914
0.035974979400634766
0.03597593307495117
0.03597879409790039
0.0359799861907959
0.0360109806060791
0.036051034927368164
0.036073923110961914
0.03607487678527832
0.036097049713134766
0.03609800338745117
0.03609895706176758
0.036099910736083984
0.03613114356994629
0.036132097244262695
0.03616213798522949
0.03618478775024414
0.03620505332946777
0.036216020584106445
0.03622889518737793
0.03623700141906738
0.036238908767700195
0.036263227462768555
0.03626513481140137
0.03626680374145508
0.036267995834350586
0.03627204895019531
0.0362858772277832
0.03631305694580078
0.03631401062011719
0.03631401062011719
0.03632497787475586
0.036351919174194336
0.03635406494140625
0.03644108772277832
0.03645515441894531
0.036460161209106445
0.03659701347351074
0.0366058349609375
0.036620140075683594
0.03662681579589844
0.03665304183959961
0.03666996955871582
0.036676883697509766
0.0366969108581543
0.03674602508544922
0.036749839782714844
0.03677105903625488
0.03678703308105469
0.0368199348449707
0.03682589530944824
0.03684711456298828
0.036862850189208984
0.036863088607788086
0.03687715530395508
0.036885976791381836
0.03693103790283203
0.036943912506103516
0.03701591491699219
0.03702282905578613
0.0370330810546875
0.037052154541015625
0.03706097602844238
0.03706192970275879
0.037075042724609375
0.0370790958404541
0.03710007667541504
0.03712105751037598
0.037130117416381836
0.03719496726989746
0.03719592094421387
0.03720688819885254
0.037214040756225586
0.03724503517150879
0.03725004196166992
0.03725600242614746
0.03728199005126953
0.0372929573059082
0.037313222885131836
0.03731894493103027
0.037344932556152344
0.037348031997680664
0.03735089302062988
0.037416934967041016
0.03742194175720215
0.03742408752441406
0.037428855895996094
0.037438154220581055
0.03745913505554199
0.03749704360961914
0.03751015663146973
0.037539005279541016
0.037567853927612305
0.03758811950683594
0.037637948989868164
0.03764009475708008
0.037657976150512695
0.0376889705657959
0.03769993782043457
0.03771400451660156
0.037719011306762695
0.03777909278869629
0.03780698776245117
0.037811994552612305
0.03789210319519043
0.037896156311035156
0.03789806365966797
0.037954092025756836
0.038017988204956055
0.03806304931640625
0.03807711601257324
0.03809213638305664
0.03810906410217285
0.03814816474914551
0.03815889358520508
0.03817009925842285
0.038186073303222656
0.038192033767700195
0.038207054138183594
0.03823590278625488
0.03827095031738281
0.03827500343322754
0.03828001022338867
0.03830099105834961
0.03832387924194336
0.03832697868347168
0.038327932357788086
0.03836202621459961
0.03839707374572754
0.03839898109436035
0.03842020034790039
0.03842782974243164
0.038446903228759766
0.03849005699157715
0.038511037826538086
0.038516998291015625
0.03856611251831055
0.03857111930847168
0.038572072982788086
0.03857421875
0.03857994079589844
0.038648128509521484
0.03869295120239258
0.03872990608215332
0.03873491287231445
0.038787126541137695
0.038793087005615234
0.038809776306152344
0.03886103630065918
0.03886604309082031
0.03889608383178711
0.038926124572753906
0.03896212577819824
0.03898906707763672
0.03899788856506348
0.039053916931152344
0.03906607627868652
0.03909707069396973
0.03913307189941406
0.03914999961853027
0.03915214538574219
0.03917098045349121
0.0391848087310791
0.039212942123413086
0.03922009468078613
0.03922390937805176
0.039247989654541016
0.03926396369934082
0.03935980796813965
0.03938913345336914
0.039389848709106445
0.039411067962646484
0.03941202163696289
0.0394139289855957
0.03949904441833496
0.03951215744018555
0.039515018463134766
0.039524078369140625
0.039569854736328125
0.03957486152648926
0.03960609436035156
0.03961300849914551
0.03961586952209473
0.03964400291442871
0.0396580696105957
0.03966212272644043
0.03966403007507324
0.03966808319091797
0.039687156677246094
0.0397028923034668
0.03970599174499512
0.03973197937011719
0.039750099182128906
0.03980898857116699
0.03985190391540527
0.039975881576538086
0.03998398780822754
0.04000401496887207
0.04000401496887207
0.040014028549194336
0.04003500938415527
0.040049076080322266
0.04010486602783203
0.04012107849121094
0.04016900062561035
0.04016900062561035
0.04017281532287598
0.040212154388427734
0.04022812843322754
0.04024004936218262
0.040251970291137695
0.040254831314086914
0.04029703140258789
0.04030609130859375
0.04031705856323242
0.04032301902770996
0.040389060974121094
0.040522098541259766
0.04055190086364746
0.04056882858276367
0.0405728816986084
0.040585994720458984
0.04061293601989746
0.0406489372253418
0.040660858154296875
0.040663957595825195
0.04068303108215332
0.040778160095214844
0.04078507423400879
0.04079389572143555
0.04090595245361328
0.04091286659240723
0.04096579551696777
0.04100394248962402
0.04101395606994629
0.041033029556274414
0.04104018211364746
0.04108309745788574
0.04108905792236328
0.04112100601196289
0.04119086265563965
0.04122591018676758
0.04123210906982422
0.0413060188293457
0.04131484031677246
0.04133296012878418
0.04137015342712402
0.04137301445007324
0.04138684272766113
0.04146003723144531
0.04146409034729004
0.041474103927612305
0.041474103927612305
0.041558027267456055
0.04157686233520508
0.041619062423706055
0.04163384437561035
0.041635990142822266
0.041641950607299805
0.041649818420410156
0.04170083999633789
0.041708946228027344
0.041793107986450195
0.04180407524108887
0.041857004165649414
0.04186582565307617
0.0418698787689209
0.04187488555908203
0.04188108444213867
0.04190492630004883
0.04192686080932617
0.04195594787597656
0.04195594787597656
0.042005062103271484
0.04205203056335449
0.04210090637207031
0.04210305213928223
0.04210996627807617
0.04221796989440918
0.0422208309173584
0.042227983474731445
0.04227900505065918
0.04228997230529785
0.042308807373046875
0.04231595993041992
0.04235982894897461
0.04237198829650879
0.042402029037475586
0.04243111610412598
0.04243111610412598
0.04247307777404785
0.04247307777404785
0.04247903823852539
0.04248213768005371
0.04249691963195801
0.04251503944396973
0.042520999908447266
0.042536020278930664
0.04259085655212402
0.042634010314941406
0.04268503189086914
0.04270291328430176
0.04271984100341797
0.042799949645996094
0.042815208435058594
0.04282522201538086
0.04286503791809082
0.04286909103393555
0.04289817810058594
0.042909860610961914
0.0429229736328125
0.04292702674865723
0.042935848236083984
0.042958974838256836
0.04297590255737305
0.042984962463378906
0.043003082275390625
0.04301095008850098
0.04302716255187988
0.043042898178100586
0.04309201240539551
0.04310011863708496
0.04312396049499512
0.04312896728515625
0.04313087463378906
0.043135881423950195
0.043170928955078125
0.04318499565124512
0.043260812759399414
0.043292999267578125
0.04331803321838379
0.04333209991455078
0.043372154235839844
0.04338192939758301
0.043411970138549805
0.04341387748718262
0.04341602325439453
0.04346799850463867
0.0434870719909668
0.043511152267456055
0.04353213310241699
0.04358410835266113
0.04358696937561035
0.04359602928161621
0.04361701011657715
0.04362201690673828
0.04363512992858887
0.04364800453186035
0.04366707801818848
0.04368185997009277
0.04369401931762695
0.04369497299194336
0.043704986572265625
0.043704986572265625
0.04370713233947754
0.043730974197387695
0.04378008842468262
0.043786048889160156
0.04379987716674805
0.04380488395690918
0.043849945068359375
0.04391598701477051
0.04395604133605957
0.04395794868469238
0.04401397705078125
0.04406595230102539
0.04410696029663086
0.044116973876953125
0.044158935546875
0.044165849685668945
0.04421687126159668
0.044229984283447266
0.0442349910736084
0.044296979904174805
0.04432082176208496
0.04432487487792969
0.04433703422546387
0.044381141662597656
0.04439401626586914
0.04439496994018555
0.04443621635437012
0.0444490909576416
0.044480085372924805
0.04449295997619629
0.044524192810058594
0.04452800750732422
0.04468703269958496
0.04468989372253418
0.0446929931640625
0.044693946838378906
0.044790029525756836
0.04485893249511719
0.044862985610961914
0.044934988021850586
0.04493999481201172
0.04494881629943848
0.04501700401306152
0.045111894607543945
0.0451200008392334
0.0451200008392334
0.04514002799987793
0.045140981674194336
0.04516005516052246
0.04517698287963867
0.04519820213317871
0.045213937759399414
0.04525494575500488
0.04528379440307617
0.04529905319213867
0.04532217979431152
0.045324087142944336
0.04533696174621582
0.04536604881286621
0.045510053634643555
0.04553794860839844
0.045556068420410156
0.04556107521057129
0.04557394981384277
0.04561209678649902
0.045615196228027344
0.04568195343017578
0.04569292068481445
0.0457000732421875
0.04578685760498047
0.0458071231842041
0.04581093788146973
0.04581904411315918
0.04584002494812012
0.045858144760131836
0.045861005783081055
0.045866966247558594
0.045881032943725586
0.04588603973388672
0.04594087600708008
0.045953989028930664
0.045968055725097656
0.04596996307373047
0.04598689079284668
0.045989036560058594
0.04599595069885254
0.04604005813598633
0.046066999435424805
0.04607796669006348
0.04610300064086914
0.046113014221191406
0.046113014221191406
0.04621601104736328
0.04622292518615723
0.046257972717285156
0.046257972717285156
0.04625892639160156
0.046289920806884766
0.046386003494262695
0.04644203186035156
0.04647111892700195
0.046484947204589844
0.04649996757507324
0.04653501510620117
0.046585798263549805
0.04661202430725098
0.04664897918701172
0.04667782783508301
0.046694040298461914
0.0467679500579834
0.04681110382080078
0.04682517051696777
0.04687809944152832
0.04689288139343262
0.046907901763916016
0.046923160552978516
0.046936988830566406
0.04695391654968262
0.0470120906829834
0.04701399803161621
0.047017812728881836
0.04711484909057617
0.04716610908508301
0.047193050384521484
0.04723691940307617
0.04725193977355957
0.04729104042053223
0.04731488227844238
0.04737687110900879
0.047395944595336914
0.04746508598327637
0.04751300811767578
0.0476069450378418
0.04761195182800293
0.04763388633728027
0.04769396781921387
0.04770803451538086
0.04775810241699219
0.04778480529785156
0.0477900505065918
0.04779982566833496
0.04780101776123047
0.04781293869018555
0.047831058502197266
0.0478360652923584
0.04784393310546875
0.047846078872680664
0.047892093658447266
0.047914981842041016
0.04796195030212402
0.04801487922668457
0.04805493354797363
0.04807400703430176
0.04811406135559082
0.04816889762878418
0.0481719970703125
0.04826807975769043
0.04829883575439453
0.04833507537841797
0.048338890075683594
0.04836606979370117
0.048417091369628906
0.04842114448547363
0.048425912857055664
0.048429012298583984
0.04847288131713867
0.04848194122314453
0.0485529899597168
0.04855608940124512
0.04866194725036621
0.048664093017578125
0.04871392250061035
0.048751115798950195
0.04886794090270996
0.0488741397857666
0.048888206481933594
0.04889082908630371
0.04902386665344238
0.04903411865234375
0.049057960510253906
0.04921317100524902
0.04923605918884277
0.049324989318847656
0.04935002326965332
0.049372196197509766
0.049391984939575195
0.04944920539855957
0.04945206642150879
0.049510955810546875
0.0495297908782959
0.049551963806152344
0.04959297180175781
0.04960298538208008
0.04964017868041992
0.049652814865112305
0.049700021743774414
0.04980206489562988
0.04984879493713379
0.04984903335571289
0.049887895584106445
0.049900054931640625
0.04990887641906738
0.04993104934692383
0.04994392395019531
0.0499730110168457
0.050024986267089844
0.05008292198181152
0.050110816955566406
0.050199031829833984
0.050282955169677734
0.050299882888793945
0.0503840446472168
0.05043220520019531
0.05044198036193848
0.05053997039794922
0.050547122955322266
0.0505521297454834
0.050570011138916016
0.05059695243835449
0.05072498321533203
0.0507349967956543
0.05073690414428711
0.05077099800109863
0.050833940505981445
0.05085897445678711
0.050863027572631836
0.050889015197753906
0.051026105880737305
0.05103707313537598
0.05106496810913086
0.051106929779052734
0.05112504959106445
0.0511322021484375
0.05118703842163086
0.0512089729309082
0.051210880279541016
0.05122518539428711
0.0512537956237793
0.05132293701171875
0.051358938217163086
0.05136513710021973
0.05148482322692871
0.05150914192199707
0.051518917083740234
0.05152392387390137
0.05158281326293945
0.051664113998413086
0.05170583724975586
0.05170702934265137
0.05170798301696777
0.05173301696777344
0.0518190860748291
0.0518498420715332
0.05189013481140137
0.05191993713378906
0.051931142807006836
0.05199408531188965
0.05200386047363281
0.05203413963317871
0.052047014236450195
0.05205988883972168
0.0521390438079834
0.052139997482299805
0.052281856536865234
0.052378177642822266
0.05240797996520996
0.052471160888671875
0.05247807502746582
0.05251312255859375
0.052546024322509766
0.05259990692138672
0.0526118278503418
0.052633047103881836
0.05270099639892578
0.052742958068847656
0.052761077880859375
0.052932024002075195
0.05302095413208008
0.05309605598449707
0.053117990493774414
0.05313897132873535
0.05314898490905762
0.0531618595123291
0.05316615104675293
0.053236961364746094
0.05330204963684082
0.053336143493652344
0.053472042083740234
0.05348706245422363
0.053502798080444336
0.05350899696350098
0.05352306365966797
0.05356192588806152
0.05374884605407715
0.053758859634399414
0.05380082130432129
0.05383586883544922
0.05387306213378906
0.05388212203979492
0.05389404296875
0.05391097068786621
0.05395102500915527
0.05395984649658203
0.05399680137634277
0.054049015045166016
0.05405998229980469
0.054078102111816406
0.05408310890197754
0.054087162017822266
0.05412697792053223
0.05413818359375
0.054255008697509766
0.054266929626464844
0.05429792404174805
0.0543370246887207
0.05436301231384277
0.05436992645263672
0.054473161697387695
0.054474830627441406
0.05456209182739258
0.0545651912689209
0.05458688735961914
0.05467700958251953
0.05469202995300293
0.05475115776062012
0.05475902557373047
0.05477309226989746
0.05477499961853027
0.05478620529174805
0.05480504035949707
0.054811954498291016
0.05490517616271973
0.05494189262390137
0.05495405197143555
0.05499100685119629
0.0550079345703125
0.05516815185546875
0.05522489547729492
0.055336952209472656
0.05537986755371094
0.05542397499084473
0.05544614791870117
0.05549001693725586
0.05560898780822754
0.0556640625
0.05574917793273926
0.05582904815673828
0.05589914321899414
0.055914878845214844
0.05607008934020996
0.056162118911743164
0.05629301071166992
0.056307077407836914
0.056329965591430664
0.05639815330505371
0.056411027908325195
0.05643010139465332
0.05646800994873047
0.056488990783691406
0.056509971618652344
0.05655097961425781
0.05660104751586914
0.05660390853881836
0.0566248893737793
0.05668807029724121
0.056693077087402344
0.056719064712524414
0.056799888610839844
0.05681610107421875
0.05698204040527344
0.057060956954956055
0.057083845138549805
0.05712103843688965
0.057138919830322266
0.05715012550354004
0.05718803405761719
0.05720996856689453
0.05724310874938965
0.05725717544555664
0.057489871978759766
0.05751800537109375
0.05753207206726074
0.05757498741149902
0.05758404731750488
0.05766797065734863
0.057779788970947266
0.05789613723754883
0.05790996551513672
0.05796384811401367
0.05801200866699219
0.05807209014892578
0.05811905860900879
0.058136940002441406
0.05818581581115723
0.05820178985595703
0.05833292007446289
0.058477163314819336
0.05852508544921875
0.058689117431640625
0.05919194221496582
0.0592188835144043
0.05927395820617676
0.05928802490234375
0.05935502052307129
0.05936002731323242
0.05953502655029297
0.05955004692077637
0.05959510803222656
0.05970501899719238
0.05970501899719238
0.059719085693359375
0.05973196029663086
0.05975008010864258
0.060072898864746094
0.06012392044067383
0.060263872146606445
0.06029391288757324
0.060549020767211914
0.060559988021850586
0.06070208549499512
0.060742855072021484
0.060922861099243164
0.06100296974182129
0.06100606918334961
0.061068058013916016
0.06110692024230957
0.06111478805541992
0.06112504005432129
0.061225175857543945
0.061640024185180664
0.061695098876953125
0.06189084053039551
0.06191587448120117
0.0619509220123291
0.06216311454772949
0.062181949615478516
0.062261104583740234
0.0623171329498291
0.06234407424926758
0.062374114990234375
0.06253814697265625
0.06255292892456055
0.06261301040649414
0.06271100044250488
0.06275200843811035
0.06303906440734863
0.06310296058654785
0.06312990188598633
0.06328296661376953
0.06336593627929688
0.06368517875671387
0.06373810768127441
0.06375288963317871
0.06435585021972656
0.06461715698242188
0.06478309631347656
0.06483006477355957
0.0648648738861084
0.0649259090423584
0.0654139518737793
0.06572890281677246
0.06614494323730469
0.06630992889404297
0.06635499000549316
0.06642603874206543
0.06737303733825684
0.06744384765625
0.06785202026367188
0.06785702705383301
0.06789207458496094
0.06808614730834961
0.06818294525146484
0.06821894645690918
0.06825780868530273
0.06845688819885254
0.06859397888183594
0.0687108039855957
0.06888604164123535
0.06939888000488281
0.06940388679504395
0.06952500343322754
0.07007193565368652
0.07056593894958496
0.07148504257202148
0.07175397872924805
0.07188796997070312
0.0719919204711914
0.0722050666809082
0.07223105430603027
0.0731210708618164
0.07331013679504395
0.07379508018493652
0.07436013221740723
0.07436800003051758
0.0748438835144043
0.07823491096496582
0.07995009422302246
0.08162379264831543
0.08208107948303223
0.0918588638305664
0.09279584884643555
0.0937199592590332
0.09539103507995605
0.217756986618042
0.2214961051940918
0.2275381088256836
0.22981619834899902
0.2317368984222412
0.2332000732421875
0.2349259853363037
0.2353827953338623
0.2358999252319336
0.23616909980773926
0.2376389503479004
0.23865199089050293
0.24008893966674805
0.24146699905395508
0.2434079647064209
0.24359893798828125
0.24415183067321777
0.24509620666503906
0.2453291416168213
0.24553990364074707
0.24574017524719238
0.24769282341003418
0.2480018138885498
0.24939513206481934
0.24949002265930176
0.2500739097595215
0.2511558532714844
0.2512800693511963
0.25136280059814453
0.2519991397857666
0.25202083587646484
0.2524120807647705
0.2526090145111084
0.2528519630432129
0.25313401222229004
0.2531609535217285
0.2534818649291992
0.25353407859802246
0.253680944442749
0.2545030117034912
0.2546088695526123
0.2546861171722412
0.25473499298095703
0.2555379867553711
0.2557680606842041
0.2568840980529785
0.25795698165893555
0.2580430507659912
0.2580850124359131
0.2583470344543457
0.25902390480041504
0.2590830326080322
0.25913095474243164
0.2595691680908203
0.2596101760864258
0.2604241371154785
0.2604398727416992
0.2609231472015381
0.261307954788208
0.26171088218688965
0.2617919445037842
0.26200389862060547
0.2627899646759033
0.2628450393676758
0.26303696632385254
0.26311302185058594
0.2633049488067627
0.2633700370788574
0.2635321617126465
0.26358985900878906
0.26395297050476074
0.26401495933532715
0.26450490951538086
0.26453304290771484
0.2659609317779541
0.2660038471221924
0.26607394218444824
0.2665541172027588
0.26671600341796875
0.2675130367279053
0.2678661346435547
0.26787805557250977
0.2687499523162842
0.2703089714050293
0.2727630138397217
0.2734229564666748
0.2736029624938965
0.2736470699310303
0.2738800048828125
0.2740449905395508
0.2740919589996338
0.2742588520050049
0.27477502822875977
0.27513694763183594
0.2780318260192871
0.2785160541534424
0.278886079788208
0.27946901321411133
0.2870330810546875
0.6642839908599854
0.6668717861175537
0.6670620441436768
0.6677360534667969
0.6686611175537109
0.6689529418945312
0.6738829612731934
0.6803510189056396
0.6820650100708008
0.6834111213684082
0.6897480487823486
0.6907658576965332
0.6908388137817383
0.6918740272521973
0.693803071975708
0.6950550079345703
1.0082240104675293
1.0095720291137695
1.0130829811096191
1.0137829780578613
1.016983985900879
1.0172290802001953
1.0200419425964355
1.0206620693206787
1.0215580463409424
1.0226638317108154
1.022773027420044
1.0229170322418213
1.0229480266571045
1.0230059623718262
1.0243589878082275
1.0253920555114746
1.0261800289154053
1.0262160301208496
1.0277390480041504
1.0278618335723877
1.0279831886291504
1.0279982089996338
1.0282039642333984
1.0282361507415771
1.0284931659698486
1.0285680294036865
1.0291271209716797
1.0300378799438477
1.0302250385284424
1.0302298069000244
1.0304200649261475
1.0304570198059082
1.0305311679840088
1.0307719707489014
1.0312201976776123
1.0314810276031494
1.0318350791931152
1.031972885131836
1.032087802886963
1.0323638916015625
1.032787799835205
1.0328240394592285
1.032839059829712
1.0328779220581055
1.0330140590667725
1.0331528186798096
1.0332059860229492
1.0332598686218262
1.0336451530456543
1.03371000289917
1.033879041671753
1.0339300632476807
1.0340909957885742
1.0341689586639404
1.0342888832092285
1.0343170166015625
1.0343551635742188
1.0344610214233398
1.034533977508545
1.0346930027008057
1.034933090209961
1.0350828170776367
1.0354609489440918
1.03548002243042
1.0355830192565918
1.035836935043335
1.0364658832550049
1.0364818572998047
1.0366652011871338
1.0366690158843994
1.0370080471038818
1.037065029144287
1.0371229648590088
1.0374329090118408
1.03745698928833
1.0378830432891846
1.0379488468170166
1.0382630825042725
1.0382671356201172
1.038334846496582
1.0394248962402344
1.0394389629364014
1.0394411087036133
1.0397670269012451
1.040018081665039
1.0403101444244385
1.0409150123596191
1.0409471988677979
1.0411319732666016
1.0411629676818848
1.0413720607757568
1.0418400764465332
1.041895866394043
1.0420870780944824
1.0423061847686768
1.0427980422973633
1.042910099029541
1.0434410572052002
1.0434420108795166
1.0444538593292236
1.0448329448699951
1.0455610752105713
1.0463218688964844
1.0464909076690674
1.0474720001220703
1.0475342273712158
1.0479090213775635
1.048516035079956
1.0491468906402588
1.0492308139801025
1.0498828887939453
1.0507118701934814
1.0507268905639648
1.0510461330413818
1.0512068271636963
1.0515539646148682
1.05171799659729
1.0522890090942383
1.052690029144287
1.0528080463409424
1.053225040435791
1.0542731285095215
1.054419994354248
1.054473876953125
1.054905891418457
1.0550029277801514
1.055150032043457
1.055190086364746
1.0552270412445068
1.0553960800170898
1.055732011795044
1.0566949844360352
1.0567600727081299
1.0568878650665283
1.056899070739746
1.0581510066986084
1.0584421157836914
1.0586879253387451
1.0588610172271729
1.059541940689087
1.0597031116485596
1.0600759983062744
1.0601060390472412
1.0635521411895752
1.0661561489105225
1.0698719024658203
1.0700650215148926
1.0710060596466064
1.0833439826965332
1.0900750160217285
1.1019868850708008
1.103363037109375
1.2310469150543213
1.2427971363067627
1.2531249523162842
1.2534379959106445
1.2608180046081543
1.5481557846069336
1.6829099655151367
1.682953119277954
3.013261079788208
3.0216310024261475
3.02262806892395
3.023468017578125
3.0240421295166016
3.024048089981079
3.0259761810302734
3.029374837875366
3.0323867797851562
3.0324409008026123
3.0331878662109375
3.0343549251556396
3.036558151245117
3.03770112991333
3.0380609035491943
3.0456080436706543
3.0470898151397705
3.04938006401062
3.054027795791626
3.058248996734619
3.058657169342041
3.0598561763763428
3.0606141090393066
3.0606508255004883
3.2494699954986572
3.2560019493103027
3.2720019817352295
3.272008180618286
7.031674146652222
7.046928882598877
7.054131984710693
7.07600212097168
