0.0019440650939941406
0.0019731521606445312
0.002070903778076172
0.002254009246826172
0.002527952194213867
0.0025599002838134766
0.0027701854705810547
0.0029888153076171875
0.0030400753021240234
0.004327058792114258
0.004354000091552734
0.004637002944946289
0.004724979400634766
0.004794120788574219
0.005533933639526367
0.006632804870605469
0.006680011749267578
0.006949901580810547
0.008521080017089844
0.008578062057495117
0.009144067764282227
0.009205102920532227
0.00928497314453125
0.00966191291809082
0.009790182113647461
0.010545969009399414
0.010704994201660156
0.01144099235534668
0.011518001556396484
0.01151895523071289
0.011811017990112305
0.01196908950805664
0.012061119079589844
0.012072086334228516
0.01228189468383789
0.012332916259765625
0.012351036071777344
0.012386083602905273
0.012388944625854492
0.012398958206176758
0.012683868408203125
0.012687921524047852
0.012694120407104492
0.012764930725097656
0.012833118438720703
0.012941122055053711
0.012946128845214844
0.013132095336914062
0.013137102127075195
0.01326298713684082
0.01328897476196289
0.01350092887878418
0.013631105422973633
0.013895988464355469
0.01397395133972168
0.014023065567016602
0.014128923416137695
0.014250993728637695
0.014303922653198242
0.014332056045532227
0.014384031295776367
0.014534950256347656
0.014569997787475586
0.014676809310913086
0.014686107635498047
0.014697074890136719
0.014770984649658203
0.014776945114135742
0.014837026596069336
0.015001058578491211
0.015065193176269531
0.01510000228881836
0.015196084976196289
0.015266895294189453
0.015316963195800781
0.015330791473388672
0.015340089797973633
0.01538705825805664
0.015390872955322266
0.015779972076416016
0.015974998474121094
0.01598191261291504
0.016022920608520508
0.01605677604675293
0.01610422134399414
0.016115903854370117
0.016117095947265625
0.016312837600708008
0.01635289192199707
0.01644301414489746
0.01648998260498047
0.016599178314208984
0.016754865646362305
0.01675581932067871
0.01681995391845703
0.017052173614501953
0.01721501350402832
0.01724100112915039
0.017271041870117188
0.01738595962524414
0.01753711700439453
0.017634868621826172
0.0177001953125
0.017757177352905273
0.017856121063232422
0.01794600486755371
0.018042802810668945
0.018071889877319336
0.018213987350463867
0.018285036087036133
0.01838517189025879
0.018413782119750977
0.018431901931762695
0.018587112426757812
0.01860189437866211
0.018718957901000977
0.018856048583984375
0.01894998550415039
0.018984079360961914
0.01899409294128418
0.018997907638549805
0.01902914047241211
0.019036054611206055
0.0190889835357666
0.01909017562866211
0.019098997116088867
0.0192410945892334
0.019252777099609375
0.019261837005615234
0.019264936447143555
0.019289016723632812
0.019292831420898438
0.019323110580444336
0.019412994384765625
0.01946401596069336
0.0195009708404541
0.019513845443725586
0.01951885223388672
0.019546031951904297
0.019617080688476562
0.019632816314697266
0.019649028778076172
0.019697189331054688
0.01973104476928711
0.019743919372558594
0.019752979278564453
0.019922971725463867
0.01999688148498535
0.0200040340423584
0.020020008087158203
0.020051002502441406
0.020071029663085938
0.020074844360351562
0.020090103149414062
0.02017688751220703
0.020203113555908203
0.020208120346069336
0.020270109176635742
0.02041792869567871
0.020431995391845703
0.020489931106567383
0.020501136779785156
0.02050304412841797
0.020521879196166992
0.020550966262817383
0.020555973052978516
0.020598888397216797
0.02060413360595703
0.020632028579711914
0.02067399024963379
0.020682811737060547
0.02088189125061035
0.020900964736938477
0.020905017852783203
0.02091193199157715
0.02091503143310547
0.020920991897583008
0.020921945571899414
0.020921945571899414
0.021066904067993164
0.02115607261657715
0.02143406867980957
0.021506071090698242
0.021620988845825195
0.021626949310302734
0.021630048751831055
0.021687030792236328
0.021728038787841797
0.021754026412963867
0.021759986877441406
0.021792888641357422
0.021828889846801758
0.021875858306884766
0.0219571590423584
0.02197408676147461
0.02205801010131836
0.022064924240112305
0.022073984146118164
0.02210211753845215
0.0221102237701416
0.02211594581604004
0.022121906280517578
0.022153854370117188
0.022155046463012695
0.022203922271728516
0.02223992347717285
0.0222470760345459
0.02232217788696289
0.02238607406616211
0.022390127182006836
0.02242898941040039
0.022437095642089844
0.022470951080322266
0.022533893585205078
0.022630929946899414
0.022661924362182617
0.022663116455078125
0.02269721031188965
0.022716999053955078
0.022717952728271484
0.022767066955566406
0.022810935974121094
0.022815942764282227
0.022900104522705078
0.02290487289428711
0.02293109893798828
0.022938013076782227
0.02307605743408203
0.02310490608215332
0.02311110496520996
0.023114919662475586
0.023121118545532227
0.023134946823120117
0.023168087005615234
0.023182153701782227
0.0232391357421875
0.023240089416503906
0.02326202392578125
0.023308992385864258
0.02331089973449707
0.023374080657958984
0.023401975631713867
0.023493051528930664
0.023514986038208008
0.023573875427246094
0.023615121841430664
0.02362513542175293
0.0236508846282959
0.02365708351135254
0.023669958114624023
0.02367401123046875
0.023681163787841797
0.02369403839111328
0.02369999885559082
0.023804187774658203
0.02391791343688965
0.023936986923217773
0.023936986923217773
0.023938894271850586
0.023958921432495117
0.02398085594177246
0.023981809616088867
0.023998022079467773
0.02399897575378418
0.0240478515625
0.024083852767944336
0.024137020111083984
0.024158954620361328
0.0241701602935791
0.024177074432373047
0.024238109588623047
0.024309873580932617
0.02434706687927246
0.02443695068359375
0.024439096450805664
0.0244600772857666
0.024477005004882812
0.024679183959960938
0.02470088005065918
0.024792194366455078
0.02482295036315918
0.024906158447265625
0.024908065795898438
0.024913787841796875
0.0249178409576416
0.024953842163085938
0.024958133697509766
0.024969100952148438
0.024977922439575195
0.025007009506225586
0.025013208389282227
0.02501392364501953
0.025103092193603516
0.025125980377197266
0.0253598690032959
0.025382041931152344
0.025420188903808594
0.02542710304260254
0.025536060333251953
0.025538921356201172
0.025541067123413086
0.025557994842529297
0.025640010833740234
0.025669097900390625
0.025677204132080078
0.025699853897094727
0.02574896812438965
0.02585601806640625
0.02587294578552246
0.025990009307861328
0.026000022888183594
0.02603006362915039
0.0260469913482666
0.026077985763549805
0.026093006134033203
0.026100873947143555
0.02617502212524414
0.026199817657470703
0.026205062866210938
0.02621293067932129
0.026268959045410156
0.02629995346069336
0.026317834854125977
0.026319026947021484
0.026363849639892578
0.02637004852294922
0.026417016983032227
0.026420116424560547
0.026437997817993164
0.02646493911743164
0.02646613121032715
0.026473045349121094
0.026491165161132812
0.026499032974243164
0.026568174362182617
0.02670001983642578
0.02670001983642578
0.026883840560913086
0.026921987533569336
0.02692699432373047
0.026929140090942383
0.026960134506225586
0.02696704864501953
0.027009010314941406
0.02704596519470215
0.027113914489746094
0.027126073837280273
0.02728891372680664
0.027313947677612305
0.02733588218688965
0.027380943298339844
0.02739691734313965
0.027412891387939453
0.0274200439453125
0.027449846267700195
0.027485132217407227
0.027498960494995117
0.02750706672668457
0.0276339054107666
0.02768397331237793
0.027698993682861328
0.02780008316040039
0.0279388427734375
0.02804708480834961
0.028053998947143555
0.028142929077148438
0.02815389633178711
0.028171062469482422
0.028303861618041992
0.028316974639892578
0.028424978256225586
0.028438091278076172
0.02844095230102539
0.028470993041992188
0.028515100479125977
0.02852797508239746
0.02861189842224121
0.02861309051513672
0.028630971908569336
0.028661012649536133
0.028728008270263672
0.02874612808227539
0.028841018676757812
0.028862953186035156
0.028870105743408203
0.028870105743408203
0.028885841369628906
0.02891397476196289
0.02891707420349121
0.02897810935974121
0.029019832611083984
0.02903890609741211
0.029059886932373047
0.02911996841430664
0.02916097640991211
0.029176950454711914
0.0292050838470459
0.029241085052490234
0.029260873794555664
0.029298782348632812
0.029308080673217773
0.029324054718017578
0.02935314178466797
0.02938985824584961
0.029476165771484375
0.02948784828186035
0.029494047164916992
0.029560089111328125
0.02981114387512207
0.029817819595336914
0.02982807159423828
0.029855012893676758
0.02988290786743164
0.029928922653198242
0.029938936233520508
0.030092954635620117
0.030344009399414062
0.030344009399414062
0.030367136001586914
0.030369997024536133
0.03040790557861328
0.030473947525024414
0.030484914779663086
0.030678987503051758
0.030690908432006836
0.030761003494262695
0.030817031860351562
0.030946969985961914
0.030981063842773438
0.03099679946899414
0.031032085418701172
0.031039953231811523
0.031044960021972656
0.031067848205566406
0.031080961227416992
0.031105995178222656
0.031152009963989258
0.031217098236083984
0.03132295608520508
0.0313420295715332
0.03140401840209961
0.03151702880859375
0.031614065170288086
0.031651973724365234
0.03165698051452637
0.03171396255493164
0.03174710273742676
0.031755924224853516
0.03180813789367676
0.031868934631347656
0.03190803527832031
0.0319371223449707
0.03194785118103027
0.031991004943847656
0.03199601173400879
0.032011985778808594
0.032061100006103516
0.03208494186401367
0.03214907646179199
0.03215503692626953
0.032174110412597656
0.032280921936035156
0.03231096267700195
0.032319068908691406
0.0323491096496582
0.03239893913269043
0.03244614601135254
0.03248715400695801
0.032585859298706055
0.032585859298706055
0.03262686729431152
0.03264307975769043
0.032644033432006836
0.03300905227661133
0.03301882743835449
0.03309893608093262
0.033119916915893555
0.03316307067871094
0.033165931701660156
0.03317093849182129
0.03334808349609375
0.03336691856384277
0.0333709716796875
0.033531904220581055
0.03358006477355957
0.03367900848388672
0.03387904167175293
0.03390312194824219
0.03397393226623535
0.03398394584655762
0.034027099609375
0.03410911560058594
0.03414511680603027
0.03426718711853027
0.03431510925292969
0.03432583808898926
0.03433489799499512
0.03435206413269043
0.03435921669006348
0.03442096710205078
0.03460288047790527
0.03472495079040527
0.03477883338928223
0.03481292724609375
0.034828901290893555
0.03489398956298828
0.03496289253234863
0.03498196601867676
0.035034894943237305
0.03504800796508789
0.03505897521972656
0.03508114814758301
0.03526711463928223
0.035379886627197266
0.0354459285736084
0.03545093536376953
0.03553605079650879
0.035578012466430664
0.035600900650024414
0.035611867904663086
0.03565502166748047
0.03566098213195801
0.03579115867614746
0.0358729362487793
0.03589296340942383
0.03590106964111328
0.03591203689575195
0.03595614433288574
0.03596186637878418
0.03597402572631836
0.03605508804321289
0.03610515594482422
0.036123037338256836
0.03619384765625
0.036203861236572266
0.036219120025634766
0.036232948303222656
0.03629612922668457
0.03633403778076172
0.036366939544677734
0.03638005256652832
0.036393165588378906
0.0364079475402832
0.036424875259399414
0.036459922790527344
0.036485910415649414
0.036531925201416016
0.03654980659484863
0.03656005859375
0.03657197952270508
0.03666210174560547
0.03673195838928223
0.03674793243408203
0.03679203987121582
0.036900997161865234
0.03696703910827637
0.036975860595703125
0.03698396682739258
0.036997079849243164
0.03702592849731445
0.03715682029724121
0.03717517852783203
0.037220001220703125
0.03726911544799805
0.03729987144470215
0.037361860275268555
0.03736400604248047
0.037397146224975586
0.037400007247924805
0.037423133850097656
0.03744196891784668
0.03744196891784668
0.03753495216369629
0.037551164627075195
0.037567853927612305
0.037634849548339844
0.03777503967285156
0.03796100616455078
0.03796577453613281
0.03805398941040039
0.03808188438415527
0.0381169319152832
0.03820300102233887
0.03828692436218262
0.03831911087036133
0.03833293914794922
0.038342952728271484
0.038385868072509766
0.038442134857177734
0.03845620155334473
0.03846311569213867
0.03851890563964844
0.03855013847351074
0.03856801986694336
0.038600921630859375
0.038645029067993164
0.038655996322631836
0.03866004943847656
0.038678884506225586
0.03869199752807617
0.0387730598449707
0.039047956466674805
0.03909707069396973
0.039114952087402344
0.03916001319885254
0.03921985626220703
0.03925299644470215
0.03930497169494629
0.03931379318237305
0.03931903839111328
0.03935408592224121
0.03948497772216797
0.03950905799865723
0.039602041244506836
0.03962898254394531
0.03964710235595703
0.03967094421386719
0.03969097137451172
0.039750099182128906
0.03976011276245117
0.03987312316894531
0.03988909721374512
0.03993487358093262
0.039991140365600586
0.03999805450439453
0.0400240421295166
0.040129899978637695
0.04018712043762207
0.040216922760009766
0.04022979736328125
0.04023909568786621
0.040270090103149414
0.04029393196105957
0.04035496711730957
0.04041600227355957
0.04048013687133789
0.04052090644836426
0.04054713249206543
0.04058384895324707
0.0406041145324707
0.0407109260559082
0.04077506065368652
0.04081106185913086
0.040817975997924805
0.040850162506103516
0.04089093208312988
0.04095602035522461
0.04096508026123047
0.04098010063171387
0.04114699363708496
0.041207075119018555
0.041220903396606445
0.041242122650146484
0.041249990463256836
0.041290998458862305
0.0413210391998291
0.04139590263366699
0.04141497611999512
0.04153609275817871
0.04154706001281738
0.04173398017883301
0.04180312156677246
0.04180788993835449
0.04184603691101074
0.04201483726501465
0.04206204414367676
0.042070865631103516
0.0421450138092041
0.042150020599365234
0.04217386245727539
0.042185068130493164
0.04219698905944824
0.04221200942993164
0.04222893714904785
0.042307138442993164
0.04233098030090332
0.042350053787231445
0.042356014251708984
0.0423579216003418
0.04246783256530762
0.042474985122680664
0.04251909255981445
0.04258894920349121
0.042684078216552734
0.04271292686462402
0.04277992248535156
0.04288196563720703
0.04289889335632324
0.04290199279785156
0.04292798042297363
0.04296302795410156
0.043157100677490234
0.04319882392883301
0.04320502281188965
0.04321098327636719
0.04327702522277832
0.04331493377685547
0.04332113265991211
0.04339194297790527
0.04342293739318848
0.043496131896972656
0.043515920639038086
0.04353499412536621
0.043547868728637695
0.043612003326416016
0.04380488395690918
0.0438539981842041
0.04389500617980957
0.043910980224609375
0.043975114822387695
0.04403996467590332
0.04405498504638672
0.04407811164855957
0.04411196708679199
0.04413008689880371
0.04417014122009277
0.04425692558288574
0.044309139251708984
0.0443570613861084
0.044402122497558594
0.04440808296203613
0.04441690444946289
0.044432878494262695
0.04448699951171875
0.04453682899475098
0.04462695121765137
0.044645071029663086
0.04465794563293457
0.044714927673339844
0.0447840690612793
0.04479217529296875
0.0448000431060791
0.04483199119567871
0.044883012771606445
0.04494881629943848
0.0449519157409668
0.04501008987426758
0.045022010803222656
0.04505801200866699
0.04511404037475586
0.045114994049072266
0.04515695571899414
0.04518294334411621
0.04519510269165039
0.04531598091125488
0.04534912109375
0.045350074768066406
0.045365095138549805
0.045472145080566406
0.04547405242919922
0.04556584358215332
0.04558682441711426
0.04564714431762695
0.04572606086730957
0.04582500457763672
0.04590797424316406
0.04591703414916992
0.04599905014038086
0.04600691795349121
0.04604697227478027
0.046090126037597656
0.04612016677856445
0.04613900184631348
0.046193838119506836
0.04627585411071777
0.046449899673461914
0.046543121337890625
0.046713829040527344
0.04680514335632324
0.046807050704956055
0.04685091972351074
0.046861886978149414
0.04689192771911621
0.04696488380432129
0.04711198806762695
0.047152042388916016
0.0471799373626709
0.047223806381225586
0.04723978042602539
0.04726099967956543
0.04747295379638672
0.047538042068481445
0.047576904296875
0.04759407043457031
0.047637224197387695
0.04768085479736328
0.047759056091308594
0.047796010971069336
0.047860145568847656
0.04790210723876953
0.04790210723876953
0.04790997505187988
0.047926902770996094
0.0479888916015625
0.04809093475341797
0.04812908172607422
0.04828786849975586
0.04829692840576172
0.04843401908874512
0.0484769344329834
0.04853105545043945
0.048607826232910156
0.048638105392456055
0.048651933670043945
0.04868507385253906
0.04868793487548828
0.04878497123718262
0.04880189895629883
0.04886603355407715
0.04894590377807617
0.048948049545288086
0.04895806312561035
0.04895901679992676
0.04918313026428223
0.04919290542602539
0.0492098331451416
0.04922294616699219
0.04925799369812012
0.0493168830871582
0.04935812950134277
0.04938983917236328
0.04952192306518555
0.049568891525268555
0.04958820343017578
0.04968404769897461
0.04972481727600098
0.049738168716430664
0.04974198341369629
0.04981184005737305
0.049820899963378906
0.04985499382019043
0.049868106842041016
0.05001497268676758
0.05005788803100586
0.050074100494384766
0.05008196830749512
0.05008816719055176
0.05011391639709473
0.05011916160583496
0.05016589164733887
0.05019998550415039
0.050334930419921875
0.050373077392578125
0.050391197204589844
0.05047297477722168
0.05049610137939453
0.05052304267883301
0.050579071044921875
0.050662994384765625
0.05072498321533203
0.050763845443725586
0.050776004791259766
0.05080699920654297
0.05080819129943848
0.050824880599975586
0.05082988739013672
0.05091381072998047
0.05091714859008789
0.050917863845825195
0.05095505714416504
0.050959110260009766
0.05100202560424805
0.051033973693847656
0.051093101501464844
0.051199913024902344
0.05121111869812012
0.05124497413635254
0.05128788948059082
0.05129384994506836
0.05133485794067383
0.05143904685974121
0.051466941833496094
0.051492929458618164
0.051492929458618164
0.051503896713256836
0.05150604248046875
0.051506996154785156
0.05153608322143555
0.051628828048706055
0.05164289474487305
0.051702022552490234
0.051783084869384766
0.05181407928466797
0.05185103416442871
0.05190300941467285
0.051904916763305664
0.051950931549072266
0.05199694633483887
0.052004098892211914
0.05200505256652832
0.052024126052856445
0.052120208740234375
0.052162885665893555
0.052221059799194336
0.052392005920410156
0.05246090888977051
0.05249619483947754
0.05252194404602051
0.05255889892578125
0.052713871002197266
0.05273914337158203
0.05274200439453125
0.05274391174316406
0.052765846252441406
0.052973031997680664
0.05302095413208008
0.05304694175720215
0.05308198928833008
0.053140878677368164
0.053160905838012695
0.05316591262817383
0.05323195457458496
0.05332517623901367
0.053334951400756836
0.05334115028381348
0.053383827209472656
0.05341005325317383
0.05341506004333496
0.0535280704498291
0.0535280704498291
0.053637027740478516
0.053640127182006836
0.05364418029785156
0.05367898941040039
0.05372309684753418
0.05375790596008301
0.05376386642456055
0.05377197265625
0.053878068923950195
0.05391502380371094
0.05395913124084473
0.05402803421020508
0.05412411689758301
0.0541839599609375
0.05418896675109863
0.05423903465270996
0.054247140884399414
0.05428004264831543
0.05428814888000488
0.05431509017944336
0.054390907287597656
0.054422855377197266
0.05447983741760254
0.05450892448425293
0.05464291572570801
0.054650068283081055
0.05465388298034668
0.05473685264587402
0.05474495887756348
0.05476498603820801
0.054902076721191406
0.0549321174621582
0.05495905876159668
0.055114030838012695
0.05512499809265137
0.05534195899963379
0.0553431510925293
0.055351972579956055
0.05536389350891113
0.05544900894165039
0.05562996864318848
0.05573916435241699
0.05585813522338867
0.05612993240356445
0.05613303184509277
0.056138038635253906
0.05617403984069824
0.05620002746582031
0.05625796318054199
0.056268930435180664
0.05668807029724121
0.0567469596862793
0.05687093734741211
0.05690908432006836
0.05727100372314453
0.05728602409362793
0.057286977767944336
0.057312965393066406
0.057389020919799805
0.05739593505859375
0.057595014572143555
0.05760312080383301
0.05760979652404785
0.05768299102783203
0.05774497985839844
0.057765960693359375
0.05777907371520996
0.05797004699707031
0.058068037033081055
0.05820012092590332
0.05844998359680176
0.058489084243774414
0.05866599082946777
0.05869412422180176
0.05882000923156738
0.058915138244628906
0.05898308753967285
0.05924701690673828
0.05929398536682129
0.05948615074157715
0.05959796905517578
0.05962109565734863
0.05971693992614746
0.05978989601135254
0.059967994689941406
0.05998492240905762
0.060003042221069336
0.06011700630187988
0.06014609336853027
0.06042003631591797
0.06047701835632324
0.060608863830566406
0.06063199043273926
0.06090188026428223
0.061105966567993164
0.06126809120178223
0.06137514114379883
0.06138896942138672
0.06151008605957031
0.06156301498413086
0.06172990798950195
0.06176304817199707
0.0619199275970459
0.06230616569519043
0.06267094612121582
0.06273078918457031
0.06290793418884277
0.06304383277893066
0.06334495544433594
0.06343603134155273
0.06383109092712402
0.06386995315551758
0.06393814086914062
0.06395101547241211
0.0645599365234375
0.0646979808807373
0.06472897529602051
0.06492304801940918
0.06499314308166504
0.06510210037231445
0.06510281562805176
0.06523299217224121
0.06575489044189453
0.06581401824951172
0.06596708297729492
0.06602001190185547
0.06626582145690918
0.06638097763061523
0.0664827823638916
0.06648707389831543
0.0665590763092041
0.06683588027954102
0.06736302375793457
0.06765317916870117
0.06842899322509766
0.06865906715393066
0.0690450668334961
0.06919407844543457
0.06936192512512207
0.06956601142883301
0.07028603553771973
0.07107114791870117
0.07202792167663574
0.07234597206115723
0.07452106475830078
0.07655096054077148
0.07723712921142578
0.08057904243469238
0.08321285247802734
0.09381103515625
0.23792099952697754
0.24003291130065918
0.24019789695739746
0.2405991554260254
0.2419729232788086
0.24323010444641113
0.2448749542236328
0.24627399444580078
0.24701595306396484
0.247053861618042
0.24803709983825684
0.24910783767700195
0.24913907051086426
0.2514050006866455
0.2518279552459717
0.2534470558166504
0.25359392166137695
0.2548658847808838
0.25495290756225586
0.25510215759277344
0.25626611709594727
0.2565782070159912
0.2568950653076172
0.257814884185791
0.2600739002227783
0.2601430416107178
0.26046299934387207
0.2607839107513428
0.2614271640777588
0.26365184783935547
0.2663109302520752
0.26863884925842285
0.26880884170532227
0.26907896995544434
0.2703981399536133
0.2733900547027588
0.2739081382751465
0.2752048969268799
0.2762429714202881
0.2791259288787842
0.2852780818939209
0.28636980056762695
0.29285693168640137
0.31856799125671387
0.6614949703216553
0.6733460426330566
0.6735720634460449
0.676257848739624
0.6842219829559326
0.6871969699859619
0.6875109672546387
0.6876530647277832
0.6893739700317383
0.698293924331665
0.6984069347381592
0.699437141418457
0.7028908729553223
0.7057888507843018
0.7220828533172607
1.0180048942565918
1.0220379829406738
1.022355079650879
1.0256547927856445
1.0259759426116943
1.0269739627838135
1.0280580520629883
1.0286810398101807
1.0287129878997803
1.0288939476013184
1.0299289226531982
1.030648946762085
1.031315803527832
1.0329880714416504
1.0336670875549316
1.0339620113372803
1.0361559391021729
1.0371041297912598
1.0377840995788574
1.0381789207458496
1.0392169952392578
1.039505958557129
1.0398170948028564
1.0401570796966553
1.0401837825775146
1.0407848358154297
1.041172981262207
1.0416209697723389
1.0418519973754883
1.0425009727478027
1.0435998439788818
1.0445520877838135
1.0448710918426514
1.0463080406188965
1.046311855316162
1.0468170642852783
1.0468409061431885
1.0470118522644043
1.0473480224609375
1.0475518703460693
1.04830002784729
1.0486290454864502
1.0494418144226074
1.049928903579712
1.0499708652496338
1.0506360530853271
1.051271915435791
1.05153489112854
1.0515568256378174
1.051624059677124
1.0516600608825684
1.0518698692321777
1.052211046218872
1.0522940158843994
1.052968978881836
1.0549330711364746
1.0563859939575195
1.0564820766448975
1.0565910339355469
1.0571198463439941
1.0577359199523926
1.0578110218048096
1.0600149631500244
1.0600700378417969
1.061372995376587
1.0615830421447754
1.0621020793914795
1.062777042388916
1.0636849403381348
1.0653581619262695
1.0734491348266602
1.073918104171753
1.0752589702606201
1.0757570266723633
1.233138084411621
1.2409532070159912
1.242082118988037
1.2455511093139648
1.255673885345459
1.273339033126831
1.53371000289917
1.538708209991455
2.5456268787384033
3.022587776184082
3.0249598026275635
3.0311741828918457
3.033413887023926
3.0334410667419434
3.033518075942993
3.034433126449585
3.0374059677124023
3.0414340496063232
3.0418930053710938
3.05824613571167
3.0631818771362305
3.2367990016937256
7.027490854263306
