0.03188776969909668
0.03198885917663574
0.032853126525878906
0.03369593620300293
0.03594803810119629
0.03857898712158203
0.040400028228759766
0.04044795036315918
0.04197096824645996
0.04233217239379883
0.043118953704833984
0.04326891899108887
0.045599937438964844
0.04561209678649902
0.04569077491760254
0.04595804214477539
0.047360897064208984
0.04764199256896973
0.04767417907714844
0.04787015914916992
0.04816794395446777
0.04843306541442871
0.048655033111572266
0.04952216148376465
0.0496068000793457
0.04984712600708008
0.04996609687805176
0.050343990325927734
0.05052995681762695
0.05110001564025879
0.051197052001953125
0.05143308639526367
0.052435874938964844
0.05260896682739258
0.052610158920288086
0.05322694778442383
0.05344104766845703
0.053852081298828125
0.053926944732666016
0.05401301383972168
0.054068803787231445
0.054197072982788086
0.05444002151489258
0.05449509620666504
0.054553985595703125
0.05490612983703613
0.05513501167297363
0.05539083480834961
0.05562400817871094
0.05563092231750488
0.0559229850769043
0.05733013153076172
0.05808305740356445
0.0587160587310791
0.05878305435180664
0.05887413024902344
0.058946847915649414
0.05910086631774902
0.05920290946960449
0.05949211120605469
0.059819936752319336
0.05994391441345215
0.06054496765136719
0.06090903282165527
0.061029911041259766
0.061105966567993164
0.061556100845336914
0.06184887886047363
0.06241893768310547
0.0628061294555664
0.06406688690185547
0.06508302688598633
0.06609296798706055
0.06623291969299316
0.06627821922302246
0.06655192375183105
0.0667428970336914
0.06675505638122559
0.0672600269317627
0.06747889518737793
0.06804013252258301
0.068328857421875
0.06883692741394043
0.0690908432006836
0.07016491889953613
0.07044315338134766
0.07130002975463867
0.07156610488891602
0.07241106033325195
0.07267308235168457
0.07288098335266113
0.07435011863708496
0.07462096214294434
0.07532286643981934
0.07599496841430664
0.07612800598144531
0.07836413383483887
0.07848215103149414
0.08014798164367676
0.0803518295288086
0.08056807518005371
0.0815119743347168
0.08176302909851074
0.08259296417236328
0.08345198631286621
0.08380293846130371
0.08502697944641113
0.08515191078186035
0.08594012260437012
0.08636713027954102
0.0867300033569336
0.08847999572753906
0.08940887451171875
0.09058713912963867
0.09080791473388672
0.09188199043273926
0.09206986427307129
0.09225606918334961
0.09299707412719727
0.09614300727844238
0.09725522994995117
0.098052978515625
0.10049796104431152
0.10101795196533203
0.10130786895751953
0.10165810585021973
0.11577486991882324
0.11841201782226562
0.1256570816040039
0.12836408615112305
0.14031696319580078
0.24730300903320312
0.2604990005493164
0.2714040279388428
0.28606200218200684
0.29168701171875
0.30451011657714844
0.3075549602508545
0.40234899520874023
0.6950869560241699
0.7205162048339844
0.7213120460510254
0.7238290309906006
0.7263698577880859
0.73580002784729
0.7411139011383057
0.7442457675933838
0.7494149208068848
0.7593770027160645
1.037815809249878
1.037904977798462
1.0382461547851562
1.038438081741333
1.0384938716888428
1.0434448719024658
1.043720006942749
1.0446710586547852
1.0450420379638672
1.0461900234222412
1.0511500835418701
1.0513911247253418
1.0524070262908936
1.05411696434021
1.0558199882507324
1.0597479343414307
1.059769868850708
1.0601661205291748
1.061640977859497
1.061769962310791
1.0621850490570068
1.0641851425170898
1.0644218921661377
1.064734935760498
1.0660121440887451
1.0668058395385742
1.0679528713226318
1.0693860054016113
1.0716469287872314
1.0734469890594482
1.0746700763702393
1.0792999267578125
1.0800220966339111
1.0817489624023438
1.083143949508667
1.086164951324463
1.0878868103027344
1.0916531085968018
1.0922560691833496
1.0959270000457764
1.098073959350586
1.0984461307525635
1.101240873336792
1.1026530265808105
1.1316590309143066
1.244499921798706
1.2794451713562012
1.2871088981628418
1.5968761444091797
1.6372551918029785
1.697721004486084
1.7111408710479736
1.7125158309936523
1.7446300983428955
2.581778049468994
2.590169906616211
2.620558977127075
3.038688898086548
3.043009042739868
3.0435030460357666
3.0449349880218506
3.045650005340576
3.0580239295959473
3.0586800575256348
3.0589001178741455
3.0625159740448
3.0645480155944824
3.06654691696167
3.069567918777466
3.075490951538086
3.083198070526123
3.083254098892212
3.0843279361724854
3.0890111923217773
3.090130090713501
3.0961599349975586
3.098007917404175
3.266484022140503
3.276362895965576
3.285919189453125
3.2875280380249023
3.287667989730835
3.3889451026916504
6.4134111404418945
7.041293144226074
7.045686960220337
7.049340009689331
7.049340009689331
7.052924871444702
7.06345009803772
7.06535792350769
7.071548938751221
7.077071905136108
7.0780839920043945
7.07968807220459
7.081506967544556
7.082060098648071
7.0821239948272705
7.093744993209839
7.1127400398254395
7.279948949813843
8.632250785827637
13.794421195983887
15.062872886657715
15.064469814300537
15.093374967575073
15.302224159240723
15.714455127716064
31.045565128326416
31.06340789794922
