0.002156972885131836
0.003467082977294922
0.00432896614074707
0.006083965301513672
0.00619196891784668
0.007738828659057617
0.008172988891601562
0.00822305679321289
0.009211063385009766
0.009827852249145508
0.010477066040039062
0.010488033294677734
0.011129140853881836
0.014008045196533203
0.014169931411743164
0.014255046844482422
0.014368057250976562
0.014388084411621094
0.01486515998840332
0.014890909194946289
0.014920949935913086
0.015214920043945312
0.015537023544311523
0.015755891799926758
0.015774965286254883
0.01587510108947754
0.015949010848999023
0.016037940979003906
0.016746997833251953
0.01686716079711914
0.016959190368652344
0.017653942108154297
0.017837047576904297
0.017961978912353516
0.0179901123046875
0.01807403564453125
0.018424034118652344
0.01846909523010254
0.0185549259185791
0.018661022186279297
0.01887798309326172
0.018999099731445312
0.019008874893188477
0.019045114517211914
0.019098997116088867
0.019115924835205078
0.019181013107299805
0.019197940826416016
0.019214153289794922
0.019231081008911133
0.01935887336730957
0.019402027130126953
0.01954197883605957
0.01955699920654297
0.01960301399230957
0.019654035568237305
0.01974797248840332
0.019809961318969727
0.019829988479614258
0.01986384391784668
0.01990485191345215
0.019906044006347656
0.019919872283935547
0.01997995376586914
0.020039081573486328
0.02006697654724121
0.020123004913330078
0.020148038864135742
0.020187854766845703
0.020213842391967773
0.020219087600708008
0.020333051681518555
0.020342111587524414
0.02035212516784668
0.020357131958007812
0.020495891571044922
0.020545005798339844
0.02056598663330078
0.020607948303222656
0.020615100860595703
0.020633935928344727
0.020658016204833984
0.02066516876220703
0.02078390121459961
0.020795822143554688
0.020827054977416992
0.020884037017822266
0.02088785171508789
0.020929813385009766
0.020941972732543945
0.02096104621887207
0.02098393440246582
0.021008968353271484
0.021028995513916016
0.02105093002319336
0.021057844161987305
0.021075010299682617
0.02113509178161621
0.021147966384887695
0.021162033081054688
0.021227121353149414
0.021233797073364258
0.021316051483154297
0.0213320255279541
0.02135300636291504
0.02138495445251465
0.02140188217163086
0.021484851837158203
0.021493911743164062
0.021574974060058594
0.021647930145263672
0.021667957305908203
0.021795034408569336
0.0218050479888916
0.021862030029296875
0.021867036819458008
0.021901845932006836
0.021960973739624023
0.021967172622680664
0.021977901458740234
0.02199578285217285
0.022011995315551758
0.022063016891479492
0.02207803726196289
0.022095918655395508
0.022109031677246094
0.022123098373413086
0.022149085998535156
0.02216196060180664
0.02216792106628418
0.022182941436767578
0.0221860408782959
0.02218794822692871
0.02218794822692871
0.02219986915588379
0.022223949432373047
0.022244930267333984
0.022277116775512695
0.02229595184326172
0.02229905128479004
0.022305965423583984
0.022314071655273438
0.022331953048706055
0.022341012954711914
0.022367000579833984
0.022381067276000977
0.022392988204956055
0.022467851638793945
0.02246999740600586
0.0225069522857666
0.022634029388427734
0.022650957107543945
0.022671937942504883
0.02268695831298828
0.02273416519165039
0.022736072540283203
0.022770166397094727
0.022771120071411133
0.022789955139160156
0.022804975509643555
0.02285003662109375
0.022919893264770508
0.022958993911743164
0.022986888885498047
0.023016929626464844
0.023068904876708984
0.023083925247192383
0.023128032684326172
0.02320098876953125
0.023293018341064453
0.023324966430664062
0.02332901954650879
0.023390769958496094
0.023482084274291992
0.023488998413085938
0.023501157760620117
0.02352309226989746
0.023524999618530273
0.023530960083007812
0.023571014404296875
0.023635149002075195
0.023662090301513672
0.02367687225341797
0.023694992065429688
0.02370595932006836
0.02371811866760254
0.02372884750366211
0.023730039596557617
0.023782968521118164
0.023794889450073242
0.02381587028503418
0.02390885353088379
0.023916006088256836
0.023939847946166992
0.02395009994506836
0.02400493621826172
0.024007081985473633
0.024036169052124023
0.024042844772338867
0.024043798446655273
0.02404499053955078
0.024049043655395508
0.024106979370117188
0.024112939834594727
0.0241241455078125
0.024176836013793945
0.024220943450927734
0.02422308921813965
0.024227142333984375
0.02424001693725586
0.024302959442138672
0.02431201934814453
0.024325847625732422
0.024351835250854492
0.024355173110961914
0.024358034133911133
0.024446964263916016
0.02445387840270996
0.02448296546936035
0.024488210678100586
0.02450108528137207
0.024545907974243164
0.024603843688964844
0.02465200424194336
0.02471184730529785
0.024730920791625977
0.024789810180664062
0.024789810180664062
0.02481698989868164
0.02485203742980957
0.024871110916137695
0.02489495277404785
0.02490401268005371
0.024960041046142578
0.02496790885925293
0.02499699592590332
0.025044918060302734
0.02505803108215332
0.02509593963623047
0.02510690689086914
0.025115013122558594
0.025118112564086914
0.025175094604492188
0.02518296241760254
0.025185823440551758
0.02519392967224121
0.02520298957824707
0.025228023529052734
0.025233983993530273
0.025265932083129883
0.025321006774902344
0.025326967239379883
0.0253908634185791
0.025408029556274414
0.025413036346435547
0.025413990020751953
0.02542591094970703
0.025429964065551758
0.025454998016357422
0.02547287940979004
0.025497913360595703
0.02555704116821289
0.025604963302612305
0.025605201721191406
0.025655031204223633
0.025671005249023438
0.02569723129272461
0.02569890022277832
0.025699138641357422
0.025719881057739258
0.02573108673095703
0.025735139846801758
0.025740861892700195
0.025750160217285156
0.02575397491455078
0.02575397491455078
0.025758981704711914
0.025783061981201172
0.02578592300415039
0.02585911750793457
0.025861024856567383
0.025866031646728516
0.025903940200805664
0.02591109275817871
0.02594900131225586
0.025962114334106445
0.02597808837890625
0.025985002517700195
0.026021957397460938
0.026034116744995117
0.026048898696899414
0.026053905487060547
0.026087045669555664
0.02609395980834961
0.02618408203125
0.026200056076049805
0.026221036911010742
0.02623605728149414
0.026240825653076172
0.02631688117980957
0.02636408805847168
0.026383161544799805
0.026409149169921875
0.026422977447509766
0.02643609046936035
0.026453018188476562
0.026461124420166016
0.02649211883544922
0.026506900787353516
0.026558876037597656
0.02656698226928711
0.02657008171081543
0.02657008171081543
0.026618003845214844
0.026625871658325195
0.026646137237548828
0.026700973510742188
0.026708126068115234
0.026745080947875977
0.026746034622192383
0.026749849319458008
0.02675008773803711
0.026781082153320312
0.026782989501953125
0.02678394317626953
0.026810884475708008
0.02684307098388672
0.026858806610107422
0.02686786651611328
0.026916980743408203
0.02693486213684082
0.026945114135742188
0.02698516845703125
0.027013063430786133
0.02703404426574707
0.027034997940063477
0.027040958404541016
0.02705097198486328
0.027127981185913086
0.02714991569519043
0.027151823043823242
0.027172088623046875
0.02717900276184082
0.027197837829589844
0.027206897735595703
0.02723383903503418
0.02724909782409668
0.02726292610168457
0.027291059494018555
0.027292966842651367
0.027298927307128906
0.02730703353881836
0.027336835861206055
0.0273439884185791
0.027372121810913086
0.027385950088500977
0.027402162551879883
0.0274050235748291
0.027438879013061523
0.027439117431640625
0.027456998825073242
0.027460098266601562
0.027467012405395508
0.027472972869873047
0.027476072311401367
0.027544021606445312
0.027556896209716797
0.027618885040283203
0.027651071548461914
0.027656078338623047
0.02767491340637207
0.02770709991455078
0.027712106704711914
0.02773594856262207
0.027771949768066406
0.02779412269592285
0.027820825576782227
0.02786397933959961
0.027872085571289062
0.02794194221496582
0.0279538631439209
0.027987957000732422
0.028002023696899414
0.028010845184326172
0.028048038482666016
0.028095006942749023
0.028113842010498047
0.028149843215942383
0.02816295623779297
0.028167009353637695
0.028181076049804688
0.028230905532836914
0.028235912322998047
0.028265953063964844
0.028271913528442383
0.028321027755737305
0.02834296226501465
0.028356075286865234
0.028362035751342773
0.02836894989013672
0.028375864028930664
0.028408050537109375
0.0284421443939209
0.028449058532714844
0.0284578800201416
0.028461933135986328
0.028503894805908203
0.02851390838623047
0.02854299545288086
0.028558015823364258
0.028594970703125
0.028610944747924805
0.028635025024414062
0.02863597869873047
0.028655052185058594
0.028683900833129883
0.028706073760986328
0.028712034225463867
0.02874898910522461
0.028750896453857422
0.028760910034179688
0.02876114845275879
0.028766155242919922
0.028789043426513672
0.02881598472595215
0.028822898864746094
0.02885603904724121
0.028860092163085938
0.028937101364135742
0.02894902229309082
0.028955936431884766
0.028961181640625
0.028968095779418945
0.029009103775024414
0.02900981903076172
0.029023170471191406
0.02903294563293457
0.02904200553894043
0.02904200553894043
0.02904510498046875
0.02909088134765625
0.02910900115966797
0.029124975204467773
0.029130935668945312
0.029160022735595703
0.029217004776000977
0.029220104217529297
0.02922821044921875
0.02922987937927246
0.029239892959594727
0.029248952865600586
0.029262065887451172
0.02928900718688965
0.029315948486328125
0.029343843460083008
0.0293729305267334
0.029378890991210938
0.029475927352905273
0.02949380874633789
0.029502153396606445
0.029504776000976562
0.029505014419555664
0.029574871063232422
0.029625892639160156
0.029670000076293945
0.0296938419342041
0.029746055603027344
0.029833078384399414
0.029839038848876953
0.029859066009521484
0.02989506721496582
0.02989792823791504
0.029899120330810547
0.029904842376708984
0.029911041259765625
0.029931068420410156
0.029942989349365234
0.029990196228027344
0.029999971389770508
0.030040979385375977
0.03005504608154297
0.030098915100097656
0.030098915100097656
0.0301210880279541
0.030134916305541992
0.030140161514282227
0.03014397621154785
0.030151844024658203
0.030169010162353516
0.030169963836669922
0.030191898345947266
0.030230998992919922
0.03025507926940918
0.03028106689453125
0.030282020568847656
0.03029799461364746
0.03030085563659668
0.030306100845336914
0.03030705451965332
0.030340909957885742
0.03035283088684082
0.030362844467163086
0.030391931533813477
0.03040003776550293
0.030417919158935547
0.030437946319580078
0.030457019805908203
0.030484914779663086
0.030496835708618164
0.030497074127197266
0.03051280975341797
0.03060007095336914
0.03060293197631836
0.030617952346801758
0.03063797950744629
0.03064894676208496
0.03067803382873535
0.030687808990478516
0.0307009220123291
0.030740976333618164
0.030746936798095703
0.030787944793701172
0.03079509735107422
0.030835866928100586
0.030850887298583984
0.03085803985595703
0.03086113929748535
0.030875205993652344
0.03090810775756836
0.030909061431884766
0.030964136123657227
0.031023025512695312
0.031024932861328125
0.03104400634765625
0.031054973602294922
0.031059980392456055
0.03106212615966797
0.031121015548706055
0.03119206428527832
0.031202077865600586
0.031202077865600586
0.0312039852142334
0.031234025955200195
0.03127789497375488
0.031288862228393555
0.03130292892456055
0.03130483627319336
0.03137397766113281
0.031397104263305664
0.0314021110534668
0.031404972076416016
0.031411170959472656
0.031458139419555664
0.03148007392883301
0.03148293495178223
0.03149700164794922
0.03151702880859375
0.031530141830444336
0.03155708312988281
0.031561851501464844
0.031564950942993164
0.03156614303588867
0.03164100646972656
0.03164505958557129
0.03164505958557129
0.03166604042053223
0.03168606758117676
0.031691789627075195
0.03172707557678223
0.03173089027404785
0.03173708915710449
0.03174114227294922
0.03176689147949219
0.03176999092102051
0.031781911849975586
0.031816959381103516
0.031823158264160156
0.03184795379638672
0.03186917304992676
0.03187203407287598
0.031890153884887695
0.03192305564880371
0.0319979190826416
0.03200197219848633
0.03203105926513672
0.032063961029052734
0.03207206726074219
0.03208804130554199
0.03209280967712402
0.03210616111755371
0.03211712837219238
0.032145023345947266
0.032167911529541016
0.03219008445739746
0.03220200538635254
0.03221893310546875
0.03222990036010742
0.03228187561035156
0.03228592872619629
0.032286882400512695
0.03230786323547363
0.032315969467163086
0.03237104415893555
0.03239107131958008
0.0323948860168457
0.032414913177490234
0.032418012619018555
0.03242015838623047
0.03242802619934082
0.032434940338134766
0.032440185546875
0.03244209289550781
0.03244519233703613
0.03245902061462402
0.032464027404785156
0.03248286247253418
0.03252911567687988
0.03253579139709473
0.03253889083862305
0.032546043395996094
0.032572031021118164
0.03261208534240723
0.03261685371398926
0.03263401985168457
0.03264212608337402
0.03264594078063965
0.03266000747680664
0.03267693519592285
0.0326840877532959
0.03272509574890137
0.03274106979370117
0.0327610969543457
0.03276491165161133
0.032776832580566406
0.03284001350402832
0.03285408020019531
0.03286385536193848
0.03293108940124512
0.03293204307556152
0.032935142517089844
0.032955169677734375
0.032959938049316406
0.03296089172363281
0.0329740047454834
0.0329899787902832
0.0331110954284668
0.03316903114318848
0.033225059509277344
0.03323006629943848
0.03323698043823242
0.033249855041503906
0.03327798843383789
0.03332710266113281
0.03334403038024902
0.033357858657836914
0.033380985260009766
0.033432960510253906
0.03344607353210449
0.03345203399658203
0.03345894813537598
0.033468008041381836
0.03347206115722656
0.033599853515625
0.03360700607299805
0.03361082077026367
0.03361201286315918
0.03362894058227539
0.03363299369812012
0.03365182876586914
0.033657073974609375
0.03367304801940918
0.033683061599731445
0.03368806838989258
0.0337519645690918
0.03375411033630371
0.033761024475097656
0.03376483917236328
0.033805131912231445
0.03380608558654785
0.033831119537353516
0.033833980560302734
0.0338740348815918
0.033930063247680664
0.03393697738647461
0.033942222595214844
0.03394603729248047
0.033967018127441406
0.03396797180175781
0.03398609161376953
0.03401494026184082
0.034028053283691406
0.034043073654174805
0.03408002853393555
0.03408098220825195
0.03408408164978027
0.03410196304321289
0.03410601615905762
0.034126996994018555
0.03415393829345703
0.03421378135681152
0.03421592712402344
0.03422212600708008
0.03424191474914551
0.034253835678100586
0.03426194190979004
0.03426194190979004
0.03430294990539551
0.034303903579711914
0.03432893753051758
0.03433513641357422
0.03434896469116211
0.034349918365478516
0.034349918365478516
0.034407854080200195
0.0344080924987793
0.034410953521728516
0.03442192077636719
0.03444194793701172
0.0344700813293457
0.034477949142456055
0.03449201583862305
0.034494876861572266
0.034529924392700195
0.034545183181762695
0.034561872482299805
0.034564971923828125
0.034564971923828125
0.03458094596862793
0.03459501266479492
0.03459787368774414
0.034613847732543945
0.034620046615600586
0.03463888168334961
0.03465986251831055
0.03466606140136719
0.03466796875
0.034713029861450195
0.03471994400024414
0.03474307060241699
0.034748077392578125
0.034754037857055664
0.034754037857055664
0.03478693962097168
0.034806013107299805
0.03482389450073242
0.03482389450073242
0.03487896919250488
0.03487896919250488
0.03487992286682129
0.03488612174987793
0.034897804260253906
0.03490614891052246
0.03491997718811035
0.03497004508972168
0.03498077392578125
0.03499603271484375
0.03501605987548828
0.03502392768859863
0.03502607345581055
0.03504586219787598
0.03506207466125488
0.035082101821899414
0.03510689735412598
0.03511691093444824
0.03512692451477051
0.03514504432678223
0.03516077995300293
0.03516817092895508
0.03517889976501465
0.03518104553222656
0.0352020263671875
0.035208940505981445
0.035212039947509766
0.03525710105895996
0.035262107849121094
0.035262107849121094
0.03526616096496582
0.03527092933654785
0.03528594970703125
0.03531908988952637
0.03532290458679199
0.035356998443603516
0.035372018814086914
0.035388946533203125
0.03539395332336426
0.03541088104248047
0.035427093505859375
0.03545498847961426
0.0354769229888916
0.03549504280090332
0.03550100326538086
0.03554201126098633
0.035558223724365234
0.03557991981506348
0.0355839729309082
0.03559708595275879
0.035616159439086914
0.035637855529785156
0.035652875900268555
0.035653114318847656
0.03566408157348633
0.035669803619384766
0.03567695617675781
0.03571891784667969
0.035749197006225586
0.035752058029174805
0.03576397895812988
0.03577899932861328
0.03581881523132324
0.03582501411437988
0.03589487075805664
0.035964012145996094
0.0359649658203125
0.03597712516784668
0.036039113998413086
0.03604388236999512
0.03605389595031738
0.036054134368896484
0.03607583045959473
0.03610491752624512
0.03610801696777344
0.03614497184753418
0.0361480712890625
0.036160945892333984
0.03616499900817871
0.03616690635681152
0.03618192672729492
0.036195993423461914
0.03623485565185547
0.036245107650756836
0.03625893592834473
0.03632807731628418
0.036341190338134766
0.03635406494140625
0.03637886047363281
0.03638911247253418
0.03640103340148926
0.03640604019165039
0.03645014762878418
0.0364680290222168
0.036489009857177734
0.03650093078613281
0.0365140438079834
0.03653407096862793
0.03659391403198242
0.03660297393798828
0.03660917282104492
0.03663802146911621
0.036644935607910156
0.0366520881652832
0.03666210174560547
0.036698102951049805
0.03675389289855957
0.03676414489746094
0.03677201271057129
0.03681516647338867
0.036817073822021484
0.03682899475097656
0.036834001541137695
0.03684496879577637
0.036847829818725586
0.03689217567443848
0.03690004348754883
0.036900997161865234
0.036917924880981445
0.036926984786987305
0.03697991371154785
0.03697991371154785
0.0369868278503418
0.03700518608093262
0.03702211380004883
0.037027835845947266
0.03705096244812012
0.0370640754699707
0.037084102630615234
0.037093162536621094
0.03709697723388672
0.03710293769836426
0.03716588020324707
0.03718900680541992
0.03719806671142578
0.03725004196166992
0.03725314140319824
0.03725385665893555
0.03728485107421875
0.03729104995727539
0.03732800483703613
0.037348031997680664
0.03737902641296387
0.03740191459655762
0.03741884231567383
0.037425994873046875
0.03742814064025879
0.03743386268615723
0.03743696212768555
0.03745079040527344
0.037464141845703125
0.0374751091003418
0.03750014305114746
0.037507057189941406
0.03751993179321289
0.037564992904663086
0.03762698173522949
0.03766679763793945
0.037667036056518555
0.037676095962524414
0.03767991065979004
0.037687063217163086
0.03769993782043457
0.03770017623901367
0.037724971771240234
0.03772783279418945
0.03772902488708496
0.03779315948486328
0.037799835205078125
0.037815093994140625
0.037832021713256836
0.03783416748046875
0.03786277770996094
0.037880897521972656
0.03788304328918457
0.03792405128479004
0.03793191909790039
0.03795599937438965
0.03801608085632324
0.0380399227142334
0.03810000419616699
0.038101911544799805
0.03813815116882324
0.038146018981933594
0.038152217864990234
0.0381929874420166
0.038194894790649414
0.038210153579711914
0.03823208808898926
0.03825497627258301
0.03826594352722168
0.038275957107543945
0.0383450984954834
0.03836989402770996
0.038378000259399414
0.03839612007141113
0.03840899467468262
0.03843092918395996
0.03845787048339844
0.03846383094787598
0.03848600387573242
0.03849315643310547
0.03849315643310547
0.03850388526916504
0.03851795196533203
0.03853321075439453
0.038533926010131836
0.038564205169677734
0.03856801986694336
0.038575172424316406
0.038587093353271484
0.0385899543762207
0.03863191604614258
0.03863978385925293
0.03864002227783203
0.0386509895324707
0.03867793083190918
0.03871512413024902
0.03872513771057129
0.038732051849365234
0.03877615928649902
0.03882193565368652
0.038832902908325195
0.038841962814331055
0.038847923278808594
0.038873910903930664
0.03890490531921387
0.03898811340332031
0.03899693489074707
0.03900599479675293
0.03902411460876465
0.03902602195739746
0.0390322208404541
0.03907299041748047
0.0390779972076416
0.039087772369384766
0.03908991813659668
0.03909492492675781
0.0391230583190918
0.039125919342041016
0.0392148494720459
0.039254188537597656
0.03927302360534668
0.03927898406982422
0.039318084716796875
0.03932309150695801
0.03933000564575195
0.03933596611022949
0.039366960525512695
0.03937411308288574
0.03939318656921387
0.039396047592163086
0.039411067962646484
0.03943014144897461
0.03944897651672363
0.039463043212890625
0.039466142654418945
0.039505958557128906
0.03954195976257324
0.039553165435791016
0.039578914642333984
0.03960299491882324
0.039620161056518555
0.03964090347290039
0.039649009704589844
0.039678096771240234
0.0396881103515625
0.0397031307220459
0.03970503807067871
0.03973507881164551
0.03974604606628418
0.03974604606628418
0.039750099182128906
0.039759159088134766
0.03976798057556152
0.039784908294677734
0.03980398178100586
0.0398249626159668
0.03983187675476074
0.039834022521972656
0.03985595703125
0.03986191749572754
0.039871931076049805
0.03987598419189453
0.03990292549133301
0.039936065673828125
0.0399630069732666
0.04001593589782715
0.04001808166503906
0.040019989013671875
0.04005312919616699
0.04006695747375488
0.04010319709777832
0.04012417793273926
0.04016900062561035
0.04017210006713867
0.0401768684387207
0.0401911735534668
0.04019308090209961
0.04020404815673828
0.04021811485290527
0.040223121643066406
0.040242910385131836
0.040251970291137695
0.040257930755615234
0.04029393196105957
0.04030489921569824
0.04031991958618164
0.04034590721130371
0.04035210609436035
0.04035496711730957
0.04036688804626465
0.040383100509643555
0.040389060974121094
0.040402889251708984
0.04040884971618652
0.040415048599243164
0.040419816970825195
0.04049801826477051
0.04051089286804199
0.04051804542541504
0.04057598114013672
0.04057908058166504
0.040617942810058594
0.04068303108215332
0.04068708419799805
0.040692806243896484
0.04069781303405762
0.04077005386352539
0.0407710075378418
0.0407869815826416
0.04078817367553711
0.04082608222961426
0.04083108901977539
0.04084300994873047
0.04085087776184082
0.04085111618041992
0.04086184501647949
0.040876150131225586
0.040901899337768555
0.04091811180114746
0.040918827056884766
0.040927886962890625
0.04093790054321289
0.040975093841552734
0.04099082946777344
0.04100489616394043
0.04101204872131348
0.04102587699890137
0.04103899002075195
0.04105210304260254
0.04107213020324707
0.04109001159667969
0.04111814498901367
0.0411381721496582
0.04117321968078613
0.04117608070373535
0.0411839485168457
0.04120516777038574
0.04121589660644531
0.04123806953430176
0.04127216339111328
0.04127788543701172
0.04128098487854004
0.041330814361572266
0.0413358211517334
0.04134082794189453
0.04138612747192383
0.041398048400878906
0.041436195373535156
0.04145193099975586
0.04145216941833496
0.04146409034729004
0.041504859924316406
0.041522979736328125
0.041528940200805664
0.041528940200805664
0.04153800010681152
0.0415959358215332
0.0416111946105957
0.04162287712097168
0.041626930236816406
0.04166412353515625
0.0416719913482666
0.04167294502258301
0.041674137115478516
0.041676998138427734
0.041687965393066406
0.04168987274169922
0.04169297218322754
0.04171109199523926
0.04172205924987793
0.041723012924194336
0.04175686836242676
0.04177284240722656
0.04178810119628906
0.0417940616607666
0.04180407524108887
0.04184412956237793
0.04184985160827637
0.041854143142700195
0.04190397262573242
0.04190397262573242
0.041908979415893555
0.04194188117980957
0.041953086853027344
0.04195690155029297
0.0419769287109375
0.04198503494262695
0.04200100898742676
0.04204106330871582
0.04204392433166504
0.04208207130432129
0.042096853256225586
0.04211306571960449
0.042118072509765625
0.04213714599609375
0.042140960693359375
0.0421450138092041
0.042150020599365234
0.04215598106384277
0.042176008224487305
0.04218697547912598
0.04221200942993164
0.042237043380737305
0.04227089881896973
0.04227399826049805
0.04227614402770996
0.04229903221130371
0.042304039001464844
0.04232311248779297
0.04238700866699219
0.04240894317626953
0.04249405860900879
0.04250001907348633
0.0425870418548584
0.04260611534118652
0.04261493682861328
0.04265999794006348
0.042677879333496094
0.04275798797607422
0.04278302192687988
0.042829036712646484
0.0428311824798584
0.04285883903503418
0.04289102554321289
0.04289579391479492
0.04291486740112305
0.0429379940032959
0.042971134185791016
0.042994022369384766
0.042996883392333984
0.043003082275390625
0.043045997619628906
0.04305005073547363
0.04306793212890625
0.04308915138244629
0.043092966079711914
0.04309701919555664
0.04314708709716797
0.043179988861083984
0.043179988861083984
0.04322099685668945
0.04324007034301758
0.043253183364868164
0.043257951736450195
0.043298959732055664
0.04330801963806152
0.04331398010253906
0.04331707954406738
0.04335284233093262
0.04335784912109375
0.04337811470031738
0.043380022048950195
0.04341912269592285
0.04342484474182129
0.04348492622375488
0.04352092742919922
0.04354095458984375
0.04355001449584961
0.04356098175048828
0.043563127517700195
0.04359102249145508
0.043605804443359375
0.0436091423034668
0.04363894462585449
0.04363894462585449
0.04366183280944824
0.04367804527282715
0.04368090629577637
0.04368305206298828
0.04369401931762695
0.04370999336242676
0.04372000694274902
0.043745994567871094
0.04376697540283203
0.04376697540283203
0.043775081634521484
0.04379081726074219
0.04379987716674805
0.04393291473388672
0.04394388198852539
0.04394984245300293
0.04395699501037598
0.043984174728393555
0.044003963470458984
0.04404306411743164
0.044075965881347656
0.04408383369445801
0.044087886810302734
0.044133901596069336
0.044135093688964844
0.04419302940368652
0.04419994354248047
0.044219017028808594
0.04423213005065918
0.044251203536987305
0.044265031814575195
0.044270992279052734
0.04428410530090332
0.04428887367248535
0.04438591003417969
0.044435977935791016
0.04451918601989746
0.044538021087646484
0.04454684257507324
0.04455399513244629
0.04457211494445801
0.04464006423950195
0.04465985298156738
0.0446629524230957
0.044708967208862305
0.044718027114868164
0.0447390079498291
0.0447390079498291
0.04475808143615723
0.04476308822631836
0.04481101036071777
0.04488515853881836
0.04490804672241211
0.044992923736572266
0.044999122619628906
0.0450129508972168
0.04502391815185547
0.04503202438354492
0.04503297805786133
0.0450749397277832
0.04509782791137695
0.045111894607543945
0.04513216018676758
0.04514312744140625
0.04515504837036133
0.04523181915283203
0.04526996612548828
0.04533720016479492
0.04534316062927246
0.045368194580078125
0.04541611671447754
0.045495033264160156
0.04550504684448242
0.045532941818237305
0.04554319381713867
0.04556989669799805
0.045590877532958984
0.04560995101928711
0.04564619064331055
0.04569196701049805
0.04571676254272461
0.04572010040283203
0.04572296142578125
0.0457310676574707
0.04573488235473633
0.04578089714050293
0.045781850814819336
0.04578518867492676
0.04578804969787598
0.04584503173828125
0.04587197303771973
0.04587292671203613
0.04587912559509277
0.045889854431152344
0.04589080810546875
0.04591989517211914
0.04592609405517578
0.0459599494934082
0.04600214958190918
0.046013832092285156
0.046031951904296875
0.04607987403869629
0.04613685607910156
0.04616093635559082
0.0461878776550293
0.04619002342224121
0.04619407653808594
0.046250104904174805
0.046278953552246094
0.0463101863861084
0.0463719367980957
0.046424150466918945
0.04645085334777832
0.04649996757507324
0.04651212692260742
0.04654288291931152
0.046545982360839844
0.04656410217285156
0.04656410217285156
0.04664015769958496
0.04664111137390137
0.04664492607116699
0.046679019927978516
0.04668378829956055
0.04668998718261719
0.04669499397277832
0.04670596122741699
0.04674696922302246
0.0467829704284668
0.046810150146484375
0.04682111740112305
0.0468900203704834
0.04689288139343262
0.0469059944152832
0.04696202278137207
0.046987056732177734
0.04702401161193848
0.047058820724487305
0.047061920166015625
0.04709315299987793
0.047103166580200195
0.04711198806762695
0.047113895416259766
0.04712200164794922
0.047132015228271484
0.04713797569274902
0.047174930572509766
0.04718804359436035
0.04719710350036621
0.0472109317779541
0.04724717140197754
0.04725193977355957
0.04729485511779785
0.047322988510131836
0.047406911849975586
0.04743003845214844
0.04749703407287598
0.04753303527832031
0.04758810997009277
0.04759097099304199
0.04760289192199707
0.047624826431274414
0.04765200614929199
0.04766392707824707
0.0476679801940918
0.0477290153503418
0.04773211479187012
0.047734975814819336
0.047747135162353516
0.047830820083618164
0.047856807708740234
0.047872066497802734
0.04794478416442871
0.048069000244140625
0.04807019233703613
0.04809904098510742
0.048132896423339844
0.04817390441894531
0.04818391799926758
0.048220157623291016
0.04822206497192383
0.048271894454956055
0.048284053802490234
0.04828906059265137
0.04837298393249512
0.04837989807128906
0.04848504066467285
0.04851889610290527
0.04854297637939453
0.04854893684387207
0.04861187934875488
0.04865598678588867
0.04867696762084961
0.04874992370605469
0.04877901077270508
0.04889202117919922
0.0489499568939209
0.04896092414855957
0.0489659309387207
0.0489659309387207
0.04904794692993164
0.04910016059875488
0.04916119575500488
0.04917097091674805
0.04918384552001953
0.049249887466430664
0.04927802085876465
0.0493009090423584
0.04945516586303711
0.04948711395263672
0.049520015716552734
0.049530029296875
0.0495610237121582
0.04961991310119629
0.04966592788696289
0.049696922302246094
0.04970097541809082
0.04974102973937988
0.04985809326171875
0.04989504814147949
0.049916982650756836
0.0499420166015625
0.05001997947692871
0.05010414123535156
0.05011582374572754
0.050147056579589844
0.05015683174133301
0.050158023834228516
0.050167083740234375
0.05021309852600098
0.050267934799194336
0.05028891563415527
0.050308942794799805
0.050363779067993164
0.05039095878601074
0.050466060638427734
0.050508975982666016
0.05053305625915527
0.05054211616516113
0.05059003829956055
0.05060410499572754
0.050659894943237305
0.0506739616394043
0.0507509708404541
0.050776004791259766
0.05078291893005371
0.0508120059967041
0.05086398124694824
0.05087900161743164
0.05089592933654785
0.05093216896057129
0.05094003677368164
0.05094099044799805
0.051242828369140625
0.05133390426635742
0.0513460636138916
0.05135798454284668
0.05143308639526367
0.051512956619262695
0.051552772521972656
0.05169200897216797
0.051711082458496094
0.05171799659729004
0.05182218551635742
0.051824092864990234
0.05183601379394531
0.05184602737426758
0.05186295509338379
0.05187487602233887
0.05195307731628418
0.05195307731628418
0.05197596549987793
0.05199098587036133
0.05199313163757324
0.052011966705322266
0.052024126052856445
0.05202913284301758
0.05204296112060547
0.05206608772277832
0.05210113525390625
0.05211997032165527
0.052124977111816406
0.05214691162109375
0.05215787887573242
0.05220508575439453
0.05227208137512207
0.05235910415649414
0.05236315727233887
0.05237984657287598
0.05242109298706055
0.052442073822021484
0.05244898796081543
0.052461862564086914
0.05249500274658203
0.052503108978271484
0.05258798599243164
0.052603960037231445
0.05260419845581055
0.05264997482299805
0.05265498161315918
0.05275917053222656
0.05276894569396973
0.05279111862182617
0.05279207229614258
0.05286407470703125
0.05292701721191406
0.0529789924621582
0.053015947341918945
0.0530400276184082
0.05304312705993652
0.053050994873046875
0.053082942962646484
0.05309414863586426
0.05311012268066406
0.053140878677368164
0.05316495895385742
0.05316901206970215
0.05319499969482422
0.053198814392089844
0.05322718620300293
0.05325198173522949
0.05325794219970703
0.05331110954284668
0.05333209037780762
0.05334591865539551
0.05335712432861328
0.053369998931884766
0.0534210205078125
0.053421974182128906
0.05353689193725586
0.05356001853942871
0.053646087646484375
0.05365800857543945
0.053674936294555664
0.053689002990722656
0.05375385284423828
0.053848981857299805
0.053856849670410156
0.053894996643066406
0.05389881134033203
0.053930044174194336
0.05394601821899414
0.0539698600769043
0.05403494834899902
0.05406808853149414
0.054103851318359375
0.05410599708557129
0.05411696434020996
0.05413103103637695
0.05415511131286621
0.05416703224182129
0.05417203903198242
0.05417895317077637
0.05419588088989258
0.05423402786254883
0.054282188415527344
0.05433511734008789
0.05438113212585449
0.05441117286682129
0.05441594123840332
0.05444192886352539
0.054451942443847656
0.05450701713562012
0.05463409423828125
0.05475807189941406
0.05482006072998047
0.05486702919006348
0.05489397048950195
0.05505800247192383
0.055062055587768555
0.0550999641418457
0.05513405799865723
0.05514216423034668
0.05519509315490723
0.055287837982177734
0.055288076400756836
0.05542778968811035
0.055448055267333984
0.05545496940612793
0.05560612678527832
0.05561208724975586
0.0556790828704834
0.05569100379943848
0.05574202537536621
0.05575084686279297
0.05575394630432129
0.05576491355895996
0.05576801300048828
0.05577397346496582
0.05598115921020508
0.055993080139160156
0.056054115295410156
0.05611300468444824
0.056123971939086914
0.056134939193725586
0.056269168853759766
0.05634188652038574
0.05641889572143555
0.05642199516296387
0.05651688575744629
0.05655694007873535
0.05659794807434082
0.05662894248962402
0.05665993690490723
0.05666303634643555
0.0566868782043457
0.05670881271362305
0.056752920150756836
0.05678892135620117
0.05679202079772949
0.0568239688873291
0.05686211585998535
0.056906938552856445
0.056925058364868164
0.05695199966430664
0.05702400207519531
0.05706000328063965
0.057070016860961914
0.057090044021606445
0.057103872299194336
0.0571599006652832
0.05722403526306152
0.0572509765625
0.057301998138427734
0.05735492706298828
0.057444095611572266
0.057496070861816406
0.05750393867492676
0.05752301216125488
0.05752301216125488
0.05753016471862793
0.05754804611206055
0.05760693550109863
0.05765986442565918
0.05770707130432129
0.057791948318481445
0.05783390998840332
0.05787086486816406
0.05794501304626465
0.05799388885498047
0.05805087089538574
0.05818581581115723
0.058229923248291016
0.05825018882751465
0.05833911895751953
0.058342933654785156
0.05844712257385254
0.05862712860107422
0.058660030364990234
0.0587460994720459
0.058782100677490234
0.05881094932556152
0.05895090103149414
0.05898594856262207
0.05904698371887207
0.05925798416137695
0.05936002731323242
0.05939602851867676
0.05949211120605469
0.059648990631103516
0.05966615676879883
0.05970001220703125
0.0597071647644043
0.05972480773925781
0.059725046157836914
0.05989980697631836
0.059906959533691406
0.059980154037475586
0.06014084815979004
0.06018686294555664
0.060220956802368164
0.06028890609741211
0.06037497520446777
0.06042814254760742
0.06058907508850098
0.06067395210266113
0.06076312065124512
0.06089901924133301
0.06092190742492676
0.06093096733093262
0.061051130294799805
0.0610661506652832
0.06107902526855469
0.06110382080078125
0.06113600730895996
0.06139516830444336
0.06182408332824707
0.0618891716003418
0.06197094917297363
0.062152862548828125
0.0621950626373291
0.06228303909301758
0.062307119369506836
0.06236600875854492
0.0624082088470459
0.06246590614318848
0.06251120567321777
0.06253910064697266
0.06257510185241699
0.06263089179992676
0.06269311904907227
0.0626988410949707
0.06273984909057617
0.06276488304138184
0.06289005279541016
0.06295418739318848
0.06304717063903809
0.0630950927734375
0.06337213516235352
0.06345605850219727
0.06368899345397949
0.06379008293151855
0.06381106376647949
0.06383395195007324
0.06411981582641602
0.06417393684387207
0.06453204154968262
0.0646059513092041
0.06463193893432617
0.06467008590698242
0.06469511985778809
0.06473779678344727
0.06511998176574707
0.06535983085632324
0.06536698341369629
0.06557893753051758
0.0656580924987793
0.06573820114135742
0.06577110290527344
0.06584310531616211
0.06598019599914551
0.06613802909851074
0.06628012657165527
0.06649398803710938
0.06693196296691895
0.06695389747619629
0.06707096099853516
0.06728196144104004
0.06732892990112305
0.06749081611633301
0.06797194480895996
0.06802010536193848
0.06888508796691895
0.06972503662109375
0.07050395011901855
0.07057309150695801
0.07080698013305664
0.07082390785217285
0.07083487510681152
0.07138895988464355
0.0714879035949707
0.07153201103210449
0.07202696800231934
0.07269096374511719
0.07300615310668945
0.07305598258972168
0.07379698753356934
0.07413911819458008
0.07585692405700684
0.07667994499206543
0.07993412017822266
0.0801088809967041
0.08093404769897461
0.08154797554016113
0.08504509925842285
0.22030115127563477
0.22162508964538574
0.22528314590454102
0.22582197189331055
0.22830986976623535
0.2317509651184082
0.23287081718444824
0.23455500602722168
0.23514795303344727
0.23566222190856934
0.23685717582702637
0.237321138381958
0.23770809173583984
0.2379460334777832
0.23834800720214844
0.23890900611877441
0.23891282081604004
0.2391219139099121
0.23923897743225098
0.24094009399414062
0.24105191230773926
0.24184489250183105
0.24239516258239746
0.2424790859222412
0.24295401573181152
0.2436840534210205
0.2438359260559082
0.2447960376739502
0.24480414390563965
0.24616479873657227
0.24622797966003418
0.24649715423583984
0.24657702445983887
0.24672603607177734
0.2468719482421875
0.24712085723876953
0.2473461627960205
0.2478470802307129
0.24797916412353516
0.24808502197265625
0.24860787391662598
0.24879097938537598
0.24916815757751465
0.24935579299926758
0.250262975692749
0.2514190673828125
0.25173497200012207
0.25202202796936035
0.25231218338012695
0.2523469924926758
0.25264692306518555
0.25328993797302246
0.2537078857421875
0.2539341449737549
0.254317045211792
0.25463390350341797
0.25493812561035156
0.25522804260253906
0.2552490234375
0.25553011894226074
0.2555370330810547
0.2558939456939697
0.2561981678009033
0.2564671039581299
0.25673389434814453
0.2573859691619873
0.2574300765991211
0.257857084274292
0.258026123046875
0.2580680847167969
0.2582571506500244
0.2582869529724121
0.25857019424438477
0.2585728168487549
0.25890183448791504
0.25915098190307617
0.25945496559143066
0.2594900131225586
0.25958895683288574
0.25967907905578613
0.2598249912261963
0.26035594940185547
0.2604489326477051
0.260451078414917
0.26052021980285645
0.26056790351867676
0.26082301139831543
0.2611517906188965
0.261167049407959
0.2623281478881836
0.26255202293395996
0.2625720500946045
0.26268696784973145
0.26285409927368164
0.26308679580688477
0.263369083404541
0.2634000778198242
0.263530969619751
0.2637660503387451
0.26382899284362793
0.2642228603363037
0.26432299613952637
0.26612114906311035
0.2683601379394531
0.26929283142089844
0.2695450782775879
0.27019810676574707
0.2702200412750244
0.27339887619018555
0.2735271453857422
0.27388596534729004
0.28247904777526855
0.28394079208374023
0.2963080406188965
0.29631686210632324
0.6490700244903564
0.6619749069213867
0.6664321422576904
0.6686019897460938
0.6726529598236084
0.6770670413970947
0.6774411201477051
0.6780037879943848
0.6843430995941162
0.6845099925994873
0.6855299472808838
0.6901569366455078
0.6944661140441895
0.6946451663970947
0.6984109878540039
1.0035429000854492
1.0125648975372314
1.0128700733184814
1.0150771141052246
1.0175731182098389
1.0188250541687012
1.0188720226287842
1.020348072052002
1.0205140113830566
1.0222620964050293
1.022301197052002
1.0226590633392334
1.0232210159301758
1.0239360332489014
1.0239498615264893
1.0239968299865723
1.0240130424499512
1.0240778923034668
1.0249691009521484
1.02559494972229
1.0262410640716553
1.0266289710998535
1.0268280506134033
1.0270609855651855
1.027646780014038
1.0282471179962158
1.0288419723510742
1.0288891792297363
1.028975009918213
1.0289790630340576
1.0290179252624512
1.0292069911956787
1.0292720794677734
1.0296459197998047
1.0298020839691162
1.0298569202423096
1.0299608707427979
1.029972791671753
1.0301971435546875
1.0306370258331299
1.0308010578155518
1.0311360359191895
1.0312161445617676
1.0312519073486328
1.031337022781372
1.031351089477539
1.0313999652862549
1.0316379070281982
1.0317540168762207
1.0318570137023926
1.031999111175537
1.0322329998016357
1.03233003616333
1.03236985206604
1.0324840545654297
1.0327858924865723
1.0329530239105225
1.0330820083618164
1.0331571102142334
1.0334250926971436
1.03342604637146
1.0338590145111084
1.0345380306243896
1.0346758365631104
1.0349090099334717
1.0354480743408203
1.0354690551757812
1.0356130599975586
1.035640001296997
1.0356547832489014
1.0357661247253418
1.0361170768737793
1.0362169742584229
1.0363600254058838
1.0364651679992676
1.0365829467773438
1.0366380214691162
1.036768913269043
1.036970853805542
1.036984920501709
1.037092924118042
1.0371270179748535
1.03725004196167
1.037297010421753
1.0375230312347412
1.0375618934631348
1.0375728607177734
1.0377750396728516
1.0378260612487793
1.0380330085754395
1.0380518436431885
1.038097858428955
1.0385630130767822
1.03865385055542
1.038707971572876
1.0391762256622314
1.0394110679626465
1.0394940376281738
1.039806842803955
1.0401239395141602
1.040268898010254
1.0402791500091553
1.0402979850769043
1.0403120517730713
1.0404579639434814
1.0404748916625977
1.0406060218811035
1.040869951248169
1.0411300659179688
1.0415608882904053
1.0419678688049316
1.0420918464660645
1.0425479412078857
1.0428528785705566
1.0431389808654785
1.0431430339813232
1.043191909790039
1.0431959629058838
1.0434200763702393
1.043586015701294
1.0438868999481201
1.0441670417785645
1.0447030067443848
1.0449459552764893
1.0450019836425781
1.0450019836425781
1.0451610088348389
1.0453600883483887
1.04551100730896
1.045577049255371
1.0457298755645752
1.0460138320922852
1.046217918395996
1.046293020248413
1.046553134918213
1.0466151237487793
1.0468108654022217
1.0469970703125
1.0470590591430664
1.0486910343170166
1.0487802028656006
1.048785924911499
1.0488569736480713
1.0489530563354492
1.049206018447876
1.0498018264770508
1.0498299598693848
1.0499351024627686
1.0503520965576172
1.050903081893921
1.0513219833374023
1.051332950592041
1.051386833190918
1.051846981048584
1.0520291328430176
1.0520801544189453
1.0522830486297607
1.0527660846710205
1.0530149936676025
1.0534298419952393
1.0534391403198242
1.0542140007019043
1.054391860961914
1.0547399520874023
1.0549299716949463
1.0553419589996338
1.0560450553894043
1.0562798976898193
1.056291103363037
1.056502103805542
1.0582101345062256
1.0605788230895996
1.061110019683838
1.0615389347076416
1.0622060298919678
1.0629479885101318
1.0630171298980713
1.065356969833374
1.0666677951812744
1.0678400993347168
1.0684258937835693
1.0702221393585205
1.07218599319458
1.2399940490722656
1.2449297904968262
1.245016098022461
1.2475929260253906
1.2541770935058594
1.255660057067871
1.2564799785614014
1.258622169494629
1.2594380378723145
1.2594599723815918
1.2657959461212158
1.268777847290039
1.2690761089324951
1.2702500820159912
1.2733440399169922
1.2812461853027344
1.504532814025879
1.6731071472167969
1.6737029552459717
1.678708791732788
1.6933951377868652
1.694620132446289
3.0101280212402344
3.017871856689453
3.0231878757476807
3.023282051086426
3.0235369205474854
3.0276429653167725
3.031536102294922
3.0321919918060303
3.033367872238159
3.033766984939575
3.0366199016571045
3.0379550457000732
3.039236068725586
3.039947032928467
3.041110038757324
3.0411508083343506
3.043133020401001
3.044835090637207
3.0453550815582275
3.0462028980255127
3.046751022338867
3.046884059906006
3.047244071960449
3.0498759746551514
3.0512609481811523
3.0587759017944336
3.059237003326416
3.0595550537109375
3.063788890838623
3.063948154449463
3.2418060302734375
3.250737190246582
3.255896806716919
3.2592008113861084
3.2603518962860107
7.037333011627197
7.057832956314087
