0.04071688652038574
0.042691946029663086
0.044569969177246094
0.04579806327819824
0.04759407043457031
0.04937601089477539
0.05326199531555176
0.053505897521972656
0.05585289001464844
0.05595088005065918
0.05600118637084961
0.05646800994873047
0.05746603012084961
0.05838489532470703
0.05855703353881836
0.05908799171447754
0.06003308296203613
0.06037306785583496
0.060701847076416016
0.06096506118774414
0.06286120414733887
0.06366515159606934
0.06405520439147949
0.06488513946533203
0.06551384925842285
0.06716609001159668
0.06733202934265137
0.06801605224609375
0.0686488151550293
0.06939888000488281
0.07272696495056152
0.07282400131225586
0.07351112365722656
0.07387590408325195
0.07783007621765137
0.07833409309387207
0.07864999771118164
0.07949090003967285
0.07965898513793945
0.07965898513793945
0.08017396926879883
0.08106303215026855
0.09006118774414062
0.09242486953735352
0.09412097930908203
0.09613704681396484
0.09841609001159668
0.10395193099975586
0.10770893096923828
0.11252593994140625
0.13432598114013672
0.2793548107147217
0.2860682010650635
0.2894411087036133
0.3047928810119629
0.3064301013946533
0.336928129196167
0.7010178565979004
0.7041900157928467
0.7073569297790527
0.708935022354126
0.714285135269165
0.7182590961456299
1.0426828861236572
1.0447630882263184
1.0470020771026611
1.047396183013916
1.0499680042266846
1.0509569644927979
1.0521860122680664
1.0568888187408447
1.0608820915222168
1.0635008811950684
1.0642139911651611
1.072242021560669
1.074012041091919
1.075753927230835
1.0796310901641846
1.0837972164154053
1.084502935409546
1.0880820751190186
1.0892210006713867
1.094628095626831
1.0989141464233398
1.1024811267852783
1.1036288738250732
1.110168218612671
1.1125218868255615
1.1155641078948975
1.1204729080200195
1.2603330612182617
1.282099962234497
1.6844549179077148
1.7679269313812256
3.042546033859253
3.054202079772949
3.0555529594421387
3.065138101577759
3.0657808780670166
3.068502902984619
3.068964958190918
3.072052001953125
3.0735409259796143
3.074687957763672
3.0766849517822266
3.083733081817627
3.085681200027466
3.102803945541382
3.123760223388672
3.125338077545166
3.2659389972686768
3.2757601737976074
3.719464063644409
3.746428966522217
3.7546019554138184
7.049756050109863
7.0581090450286865
7.065480947494507
7.070314168930054
7.072561025619507
7.080322980880737
7.3470458984375
7.716033935546875
8.588528871536255
15.061296939849854
31.061826944351196
31.081611156463623
31.082942008972168
31.090736150741577
31.35739493370056
