0.04041099548339844
0.04172992706298828
0.043003082275390625
0.043865203857421875
0.043951988220214844
0.0450129508972168
0.04587197303771973
0.04627704620361328
0.04659700393676758
0.04746508598327637
0.04754781723022461
0.047879934310913086
0.04809093475341797
0.049859046936035156
0.05048799514770508
0.050946950912475586
0.051696062088012695
0.053544044494628906
0.05377697944641113
0.054682016372680664
0.054963111877441406
0.055429935455322266
0.05567598342895508
0.05579090118408203
0.05691695213317871
0.05827903747558594
0.058439016342163086
0.06014084815979004
0.060324907302856445
0.06034088134765625
0.06073617935180664
0.060981035232543945
0.06131792068481445
0.062394142150878906
0.0643911361694336
0.0645589828491211
0.06553888320922852
0.06589889526367188
0.06613302230834961
0.06646490097045898
0.06695413589477539
0.06808209419250488
0.06823515892028809
0.06846404075622559
0.07016587257385254
0.07034897804260254
0.07050919532775879
0.07128310203552246
0.0714731216430664
0.07165002822875977
0.07178997993469238
0.07235097885131836
0.07246518135070801
0.07309985160827637
0.07319307327270508
0.07383203506469727
0.07401609420776367
0.07474803924560547
0.07525396347045898
0.07525897026062012
0.07657098770141602
0.07718491554260254
0.07724690437316895
0.0774240493774414
0.07782387733459473
0.07795000076293945
0.07798314094543457
0.07857203483581543
0.07886695861816406
0.07892608642578125
0.07893896102905273
0.07976508140563965
0.08011198043823242
0.0804738998413086
0.08048200607299805
0.08053421974182129
0.08057904243469238
0.08171892166137695
0.08176112174987793
0.08239603042602539
0.08261299133300781
0.08282899856567383
0.0831601619720459
0.08322310447692871
0.0834801197052002
0.08350491523742676
0.08410191535949707
0.08483004570007324
0.08505105972290039
0.08643603324890137
0.08664584159851074
0.08700895309448242
0.08784198760986328
0.08813214302062988
0.08844900131225586
0.08923792839050293
0.0919342041015625
0.0952301025390625
0.09622311592102051
0.096527099609375
0.0970621109008789
0.09719300270080566
0.0976560115814209
0.09818696975708008
0.09870409965515137
0.09999418258666992
0.10163116455078125
0.10591506958007812
0.1065669059753418
0.10778999328613281
0.11133098602294922
0.1136319637298584
0.11509895324707031
0.11510205268859863
0.12161493301391602
0.12219595909118652
0.12267112731933594
0.12565994262695312
0.16632294654846191
0.16775989532470703
0.18751883506774902
0.2584390640258789
0.2718079090118408
0.2883460521697998
0.2890911102294922
0.29668498039245605
0.30097317695617676
0.30251002311706543
0.31591010093688965
0.3260080814361572
0.34784603118896484
0.35315489768981934
0.7162120342254639
0.7256717681884766
0.7296171188354492
0.7329769134521484
0.7337470054626465
0.7397720813751221
0.7479419708251953
1.0338330268859863
1.040050983428955
1.0410068035125732
1.0492010116577148
1.053980827331543
1.0545220375061035
1.0551018714904785
1.0552339553833008
1.0561320781707764
1.0608751773834229
1.0625488758087158
1.0648291110992432
1.066235065460205
1.0673930644989014
1.0676510334014893
1.0679261684417725
1.0679478645324707
1.0691728591918945
1.0708611011505127
1.0733389854431152
1.075110912322998
1.076420783996582
1.0786738395690918
1.0802361965179443
1.0826630592346191
1.0833420753479004
1.0844478607177734
1.0850200653076172
1.085587978363037
1.0857491493225098
1.088047981262207
1.0887458324432373
1.0905320644378662
1.0926899909973145
1.0955860614776611
1.0963609218597412
1.100390911102295
1.100625991821289
1.1032421588897705
1.1064298152923584
1.107612133026123
1.114656925201416
1.1146929264068604
1.1379470825195312
1.162121057510376
1.2560429573059082
1.2871010303497314
1.294809103012085
1.2964518070220947
1.3011529445648193
1.3210890293121338
1.3332240581512451
1.5994360446929932
1.6125860214233398
1.710939884185791
1.7149901390075684
1.7169392108917236
1.7285280227661133
1.7590699195861816
1.8066411018371582
2.643397092819214
3.041724920272827
3.051258087158203
3.0531699657440186
3.062012195587158
3.0695040225982666
3.0854949951171875
3.0886480808258057
3.0934479236602783
3.0943520069122314
3.101783037185669
3.10237193107605
3.1043169498443604
3.1068220138549805
3.1080780029296875
3.118230104446411
3.125447988510132
3.2679669857025146
3.350709915161133
3.7229819297790527
4.350855112075806
6.367455959320068
6.990208864212036
7.049580097198486
7.053574085235596
7.061460018157959
7.06837797164917
7.075812101364136
7.078152894973755
7.085453987121582
7.088524103164673
7.0986268520355225
7.1105427742004395
7.2750959396362305
7.314704895019531
7.332421064376831
8.60392713546753
8.613265037536621
15.074177026748657
15.087963104248047
15.111156940460205
15.276571989059448
15.378254890441895
16.6158549785614
31.06226897239685
31.06434392929077
31.068773984909058
31.08203911781311
31.089065074920654
31.104184865951538
31.111536026000977
31.72961688041687
31.793626070022583
31.805112838745117
