0.013689041137695312
0.031736135482788086
0.034848928451538086
0.03654599189758301
0.03964996337890625
0.04014086723327637
0.04055190086364746
0.04082298278808594
0.043048858642578125
0.04352903366088867
0.04385018348693848
0.04390311241149902
0.04408693313598633
0.04665803909301758
0.04731011390686035
0.047402143478393555
0.04764914512634277
0.047797203063964844
0.04886293411254883
0.050559043884277344
0.051653146743774414
0.051744937896728516
0.052073001861572266
0.05220794677734375
0.052278995513916016
0.05304384231567383
0.05366206169128418
0.05422782897949219
0.05480599403381348
0.05499696731567383
0.05583810806274414
0.05623602867126465
0.05628204345703125
0.058492183685302734
0.05923008918762207
0.05982089042663574
0.05991792678833008
0.05992603302001953
0.06108593940734863
0.06113100051879883
0.06151103973388672
0.06295180320739746
0.06401801109313965
0.06557393074035645
0.06571102142333984
0.06616497039794922
0.0663290023803711
0.06680488586425781
0.06746602058410645
0.06969404220581055
0.06971406936645508
0.0710151195526123
0.07295680046081543
0.07544803619384766
0.07583498954772949
0.07655191421508789
0.07675719261169434
0.0774378776550293
0.07762503623962402
0.07928586006164551
0.07967209815979004
0.07994890213012695
0.08236098289489746
0.08262491226196289
0.08319711685180664
0.08461689949035645
0.08556008338928223
0.08653402328491211
0.08730292320251465
0.08758687973022461
0.08775496482849121
0.08861708641052246
0.08862805366516113
0.09003186225891113
0.09167695045471191
0.09176301956176758
0.09331893920898438
0.09388208389282227
0.09536290168762207
0.0970759391784668
0.0997781753540039
0.1038358211517334
0.10401296615600586
0.10523200035095215
0.10573506355285645
0.10720491409301758
0.11069321632385254
0.11095595359802246
0.1112520694732666
0.11250901222229004
0.11474490165710449
0.12137198448181152
0.12903094291687012
0.1308138370513916
0.2608921527862549
0.26305413246154785
0.2794351577758789
0.2962949275970459
0.3008918762207031
0.3012080192565918
0.3012528419494629
0.33881497383117676
0.7131760120391846
0.7210760116577148
0.725377082824707
0.7265141010284424
0.7759280204772949
0.7822360992431641
0.8044130802154541
1.0326662063598633
1.0359489917755127
1.0414280891418457
1.043159008026123
1.0457379817962646
1.0466299057006836
1.049302101135254
1.0501279830932617
1.0523431301116943
1.0528600215911865
1.0533709526062012
1.0546259880065918
1.056579828262329
1.0578391551971436
1.0593698024749756
1.0601940155029297
1.0604689121246338
1.0635337829589844
1.0635521411895752
1.066554069519043
1.0666720867156982
1.067478895187378
1.0690970420837402
1.0694079399108887
1.069916009902954
1.0709209442138672
1.071789026260376
1.0724949836730957
1.0745551586151123
1.0751440525054932
1.0754139423370361
1.0771088600158691
1.078706979751587
1.081470012664795
1.0863630771636963
1.0892338752746582
1.090730905532837
1.0932600498199463
1.0940120220184326
1.1020278930664062
1.1325130462646484
1.266892910003662
1.2736389636993408
1.278447151184082
1.288956880569458
1.3087730407714844
1.3233709335327148
1.3267848491668701
1.7292139530181885
1.7457878589630127
1.8027291297912598
2.589285135269165
3.0481271743774414
3.052870035171509
3.055043935775757
3.0551769733428955
3.0604798793792725
3.0608019828796387
3.063049077987671
3.0678200721740723
3.0686089992523193
3.0702149868011475
3.0719079971313477
3.076202869415283
3.0785880088806152
3.0812528133392334
3.0847270488739014
3.0888419151306152
3.089561939239502
3.0920159816741943
3.09299898147583
3.0966928005218506
3.1078288555145264
3.109868049621582
3.2538959980010986
3.321213960647583
3.7360808849334717
3.7525081634521484
7.057477951049805
7.065428972244263
7.066180944442749
7.0683510303497314
7.069018840789795
7.070934057235718
7.071501970291138
7.072066068649292
7.0724241733551025
7.073549032211304
7.076157093048096
7.083133935928345
7.085422992706299
7.088153123855591
7.281287908554077
14.748502016067505
15.053698062896729
15.05448293685913
15.06151008605957
15.08830213546753
31.056566953659058
31.063306093215942
