0.014603853225708008
0.02221393585205078
0.02956390380859375
0.032196998596191406
0.03531479835510254
0.03587198257446289
0.037541866302490234
0.037670135498046875
0.03880882263183594
0.03932595252990723
0.04012608528137207
0.04136991500854492
0.04186701774597168
0.044020891189575195
0.04655814170837402
0.047692060470581055
0.047920942306518555
0.0484468936920166
0.04924917221069336
0.04946303367614746
0.050549983978271484
0.05087995529174805
0.051139116287231445
0.051599979400634766
0.051637887954711914
0.05182313919067383
0.05289196968078613
0.055045127868652344
0.055104970932006836
0.055802106857299805
0.05582785606384277
0.05685901641845703
0.05711698532104492
0.05713796615600586
0.057373046875
0.05750298500061035
0.05765390396118164
0.05860304832458496
0.058773040771484375
0.05900406837463379
0.05986285209655762
0.06029701232910156
0.060373783111572266
0.06075096130371094
0.06181216239929199
0.06206393241882324
0.06248211860656738
0.06261610984802246
0.06273698806762695
0.06278300285339355
0.06279206275939941
0.06291007995605469
0.06296300888061523
0.06378602981567383
0.06445813179016113
0.064849853515625
0.06526708602905273
0.06527900695800781
0.06534099578857422
0.06561088562011719
0.06601381301879883
0.06633710861206055
0.06641006469726562
0.0669240951538086
0.06755995750427246
0.06806302070617676
0.06902217864990234
0.0698850154876709
0.06998610496520996
0.07032990455627441
0.07044506072998047
0.0705258846282959
0.07092714309692383
0.07108592987060547
0.07205700874328613
0.07208800315856934
0.07210397720336914
0.07252001762390137
0.07282805442810059
0.07312297821044922
0.0736079216003418
0.07377219200134277
0.07384681701660156
0.07522988319396973
0.07584190368652344
0.0769510269165039
0.0769951343536377
0.07709813117980957
0.07792496681213379
0.07877397537231445
0.07939386367797852
0.0797879695892334
0.0800478458404541
0.08015584945678711
0.08025503158569336
0.0816199779510498
0.08226490020751953
0.08240222930908203
0.08345794677734375
0.08464384078979492
0.08601713180541992
0.08683300018310547
0.0879368782043457
0.08805298805236816
0.08939599990844727
0.09099006652832031
0.09195709228515625
0.09410500526428223
0.09585690498352051
0.09739112854003906
0.09759116172790527
0.09852910041809082
0.10036301612854004
0.10129284858703613
0.10194206237792969
0.1032559871673584
0.10393810272216797
0.10528397560119629
0.10538101196289062
0.11507201194763184
0.2792489528656006
0.2829549312591553
0.2875368595123291
0.31024789810180664
0.7113268375396729
0.7120280265808105
0.7127480506896973
0.7209229469299316
0.7307889461517334
0.7312648296356201
0.7356979846954346
1.0322930812835693
1.0360798835754395
1.0409901142120361
1.044619083404541
1.0459680557250977
1.0470390319824219
1.0471317768096924
1.0493149757385254
1.0494499206542969
1.0521628856658936
1.052551031112671
1.053379774093628
1.0536022186279297
1.0539538860321045
1.0542330741882324
1.0546860694885254
1.0547971725463867
1.0573980808258057
1.057739019393921
1.0580661296844482
1.058197021484375
1.0602459907531738
1.0611140727996826
1.0629801750183105
1.062993049621582
1.0631439685821533
1.063464879989624
1.0635159015655518
1.0640459060668945
1.064836025238037
1.0651509761810303
1.0651848316192627
1.0654370784759521
1.0665779113769531
1.0687179565429688
1.0693140029907227
1.0700008869171143
1.0711579322814941
1.071885108947754
1.07230806350708
1.0725479125976562
1.0725979804992676
1.0745618343353271
1.0752079486846924
1.0763449668884277
1.081279993057251
1.0871500968933105
1.088932991027832
1.0900628566741943
1.09067702293396
1.091231107711792
1.0915918350219727
1.0934510231018066
1.0941848754882812
1.0961430072784424
1.10139799118042
1.107133150100708
1.1096320152282715
1.260235071182251
1.7206568717956543
1.7408981323242188
1.7470769882202148
3.0396311283111572
3.0425069332122803
3.0444650650024414
3.0447750091552734
3.053915023803711
3.054992914199829
3.057004928588867
3.060631036758423
3.0616049766540527
3.0631680488586426
3.063873052597046
3.067195177078247
3.0702860355377197
3.0710079669952393
3.0721371173858643
3.080618143081665
3.0856809616088867
3.0992281436920166
3.099720001220703
3.099820852279663
3.1038358211517334
3.1132290363311768
3.264986991882324
3.32749605178833
3.3660318851470947
3.728907823562622
3.751713991165161
4.577223062515259
4.62678599357605
7.038191080093384
7.058780908584595
7.066766023635864
7.072941064834595
7.073803901672363
7.0917699337005615
8.601351976394653
15.066132068634033
15.069150924682617
15.086477994918823
15.282989025115967
31.053287029266357
31.060147047042847
31.074111938476562
31.08161997795105
31.094286918640137
