0.0055599212646484375
0.008855819702148438
0.010290145874023438
0.010963916778564453
0.011748075485229492
0.011760950088500977
0.013823986053466797
0.014497995376586914
0.016498088836669922
0.01726388931274414
0.01735520362854004
0.017564058303833008
0.017772912979125977
0.01840996742248535
0.01873493194580078
0.019336938858032227
0.01953601837158203
0.01961517333984375
0.019644975662231445
0.01984405517578125
0.01987004280090332
0.019921064376831055
0.02019214630126953
0.020246028900146484
0.020576000213623047
0.020697832107543945
0.020775794982910156
0.020866870880126953
0.020939111709594727
0.02104783058166504
0.02113199234008789
0.021244049072265625
0.021260976791381836
0.021358013153076172
0.021441936492919922
0.02144479751586914
0.02200007438659668
0.022032976150512695
0.022057056427001953
0.022279024124145508
0.02240300178527832
0.022517919540405273
0.022546052932739258
0.02264094352722168
0.02270984649658203
0.022727012634277344
0.022756099700927734
0.022813081741333008
0.022879838943481445
0.022919893264770508
0.02296590805053711
0.023032188415527344
0.023142099380493164
0.023151874542236328
0.023179054260253906
0.023284912109375
0.02351212501525879
0.023608922958374023
0.02364206314086914
0.023732900619506836
0.023782014846801758
0.023807048797607422
0.023818016052246094
0.02383899688720703
0.02385091781616211
0.02393198013305664
0.023954153060913086
0.02397894859313965
0.024038076400756836
0.02406907081604004
0.02411198616027832
0.024214982986450195
0.02440190315246582
0.02462601661682129
0.02468109130859375
0.02473902702331543
0.024753093719482422
0.024866819381713867
0.024921894073486328
0.025014877319335938
0.025036096572875977
0.02526688575744629
0.02529311180114746
0.025302886962890625
0.025310039520263672
0.02544403076171875
0.025539159774780273
0.025541067123413086
0.025643110275268555
0.02565312385559082
0.02578592300415039
0.02586817741394043
0.02592301368713379
0.02593684196472168
0.026062965393066406
0.02611517906188965
0.02616095542907715
0.026229143142700195
0.02632594108581543
0.026358842849731445
0.026402950286865234
0.026422977447509766
0.0264739990234375
0.026619911193847656
0.02665090560913086
0.02665996551513672
0.026669979095458984
0.026787996292114258
0.026806116104125977
0.0268099308013916
0.02709197998046875
0.027101993560791016
0.027135848999023438
0.027172088623046875
0.027242183685302734
0.027251005172729492
0.027253150939941406
0.027454137802124023
0.027525901794433594
0.02753901481628418
0.02757096290588379
0.027659177780151367
0.02779221534729004
0.027831077575683594
0.027848005294799805
0.02788996696472168
0.02789306640625
0.027894020080566406
0.02789592742919922
0.02791905403137207
0.027920007705688477
0.028011083602905273
0.028059959411621094
0.028072834014892578
0.028151988983154297
0.028219938278198242
0.02833700180053711
0.028353214263916016
0.028361082077026367
0.028450965881347656
0.028525114059448242
0.028556108474731445
0.028562068939208984
0.028567075729370117
0.028653860092163086
0.028686046600341797
0.028810977935791016
0.02884387969970703
0.028856992721557617
0.028857946395874023
0.028946876525878906
0.029013872146606445
0.029015064239501953
0.029037952423095703
0.029154062271118164
0.029170989990234375
0.029189109802246094
0.02925395965576172
0.029278993606567383
0.029278993606567383
0.02929997444152832
0.029317855834960938
0.029342174530029297
0.029373884201049805
0.029420852661132812
0.029453039169311523
0.029549121856689453
0.02962779998779297
0.02976512908935547
0.029819965362548828
0.029932022094726562
0.030048847198486328
0.030065059661865234
0.030135154724121094
0.030148983001708984
0.030151844024658203
0.030181884765625
0.030210018157958984
0.030238866806030273
0.03027200698852539
0.030282974243164062
0.03032398223876953
0.030358076095581055
0.030384063720703125
0.030469179153442383
0.030479907989501953
0.030514955520629883
0.03058004379272461
0.03058314323425293
0.03061389923095703
0.03063797950744629
0.030665874481201172
0.03072500228881836
0.030745983123779297
0.030748844146728516
0.030799150466918945
0.03085780143737793
0.03105306625366211
0.031056880950927734
0.03109908103942871
0.031193017959594727
0.03128409385681152
0.0313420295715332
0.03145194053649902
0.031558990478515625
0.031558990478515625
0.03166508674621582
0.03167104721069336
0.03175497055053711
0.03199410438537598
0.0321040153503418
0.03215909004211426
0.032238006591796875
0.032399892807006836
0.0324251651763916
0.032444000244140625
0.03245401382446289
0.032502174377441406
0.03257107734680176
0.032585859298706055
0.03259897232055664
0.03284001350402832
0.032855987548828125
0.03290987014770508
0.032943010330200195
0.03301692008972168
0.033035993576049805
0.0330500602722168
0.03308296203613281
0.03309893608093262
0.033104896545410156
0.033123016357421875
0.033139944076538086
0.033151865005493164
0.033310890197753906
0.033360958099365234
0.0334169864654541
0.0335080623626709
0.0335538387298584
0.03358793258666992
0.03367304801940918
0.03376889228820801
0.03377389907836914
0.03377795219421387
0.03383493423461914
0.03399014472961426
0.034027814865112305
0.034072160720825195
0.03413796424865723
0.034146785736083984
0.03426098823547363
0.0342710018157959
0.03428006172180176
0.03437995910644531
0.034403085708618164
0.03440594673156738
0.03440594673156738
0.03440690040588379
0.03441596031188965
0.0344851016998291
0.03456997871398926
0.034616947174072266
0.034689903259277344
0.034712791442871094
0.03473305702209473
0.034863948822021484
0.03491687774658203
0.0349431037902832
0.03496217727661133
0.03508305549621582
0.03512310981750488
0.035192012786865234
0.03521609306335449
0.035221099853515625
0.0353238582611084
0.03544282913208008
0.035549163818359375
0.0356898307800293
0.03574419021606445
0.035756826400756836
0.03578591346740723
0.03580212593078613
0.035871028900146484
0.0358729362487793
0.03595685958862305
0.035974979400634766
0.03599691390991211
0.036147117614746094
0.036199092864990234
0.03633403778076172
0.036357879638671875
0.03646993637084961
0.03648090362548828
0.03651118278503418
0.0366060733795166
0.036650896072387695
0.03667616844177246
0.0367131233215332
0.036728858947753906
0.036741018295288086
0.03678703308105469
0.036794185638427734
0.03685808181762695
0.03691506385803223
0.03693389892578125
0.03695392608642578
0.03700089454650879
0.037008047103881836
0.03704094886779785
0.03706717491149902
0.037101030349731445
0.03718996047973633
0.03720808029174805
0.03724312782287598
0.037245988845825195
0.03728795051574707
0.03733086585998535
0.03740119934082031
0.03740811347961426
0.037435054779052734
0.03745007514953613
0.037467002868652344
0.037550926208496094
0.03759193420410156
0.0375971794128418
0.03768801689147949
0.03775501251220703
0.0378110408782959
0.0379490852355957
0.03799700736999512
0.03815793991088867
0.0381619930267334
0.038169145584106445
0.03818702697753906
0.038192033767700195
0.03819584846496582
0.038252830505371094
0.03828310966491699
0.038307905197143555
0.038407087326049805
0.03842592239379883
0.03844904899597168
0.03846478462219238
0.038472890853881836
0.0385441780090332
0.0385589599609375
0.03861713409423828
0.038652896881103516
0.038722991943359375
0.038748979568481445
0.0387730598449707
0.03878307342529297
0.03879117965698242
0.03883099555969238
0.03885912895202637
0.03891587257385254
0.03903794288635254
0.03910017013549805
0.039183855056762695
0.039237022399902344
0.03930401802062988
0.03935098648071289
0.03935885429382324
0.0394439697265625
0.039463043212890625
0.039476871490478516
0.03950214385986328
0.039504051208496094
0.03950905799865723
0.03952503204345703
0.0395660400390625
0.03959083557128906
0.03961491584777832
0.03970789909362793
0.03971505165100098
0.03973102569580078
0.03974103927612305
0.03979301452636719
0.03979682922363281
0.039833784103393555
0.03983497619628906
0.03983592987060547
0.039877891540527344
0.039930105209350586
0.03998899459838867
0.04002809524536133
0.040049076080322266
0.040078163146972656
0.04010915756225586
0.04011201858520508
0.040183067321777344
0.040205955505371094
0.04021000862121582
0.04023003578186035
0.040284156799316406
0.04031491279602051
0.04031991958618164
0.040338993072509766
0.04033994674682617
0.0403590202331543
0.040364980697631836
0.04040813446044922
0.0404360294342041
0.040437936782836914
0.04044795036315918
0.040467023849487305
0.04046797752380371
0.04047203063964844
0.04049801826477051
0.04054403305053711
0.040573835372924805
0.04062390327453613
0.040647029876708984
0.04068589210510254
0.04071402549743652
0.0407412052154541
0.040821075439453125
0.04083108901977539
0.04084014892578125
0.040917158126831055
0.040969133377075195
0.041007041931152344
0.041031837463378906
0.04107213020324707
0.04107403755187988
0.04114508628845215
0.04116392135620117
0.041237831115722656
0.04124784469604492
0.0413050651550293
0.041490793228149414
0.04155302047729492
0.041578054428100586
0.0415949821472168
0.041632890701293945
0.04176902770996094
0.04177999496459961
0.04180908203125
0.04181313514709473
0.04182291030883789
0.041848182678222656
0.04186415672302246
0.04188108444213867
0.04194808006286621
0.04196000099182129
0.04198408126831055
0.04199695587158203
0.042005062103271484
0.042111873626708984
0.04213309288024902
0.04219198226928711
0.04220294952392578
0.042208194732666016
0.04221296310424805
0.04223203659057617
0.04223799705505371
0.04227495193481445
0.0422821044921875
0.042403221130371094
0.04246687889099121
0.042510032653808594
0.04251384735107422
0.0425260066986084
0.04253816604614258
0.04254412651062012
0.0425570011138916
0.04266786575317383
0.04267382621765137
0.04268598556518555
0.04269099235534668
0.042732954025268555
0.042814016342163086
0.04282093048095703
0.042849063873291016
0.042916059494018555
0.04293084144592285
0.0429379940032959
0.042942047119140625
0.04297184944152832
0.0429840087890625
0.04301905632019043
0.04302501678466797
0.04302716255187988
0.043057918548583984
0.04311513900756836
0.04313087463378906
0.04317617416381836
0.0431821346282959
0.04318690299987793
0.04325604438781738
0.043257951736450195
0.04326796531677246
0.04329395294189453
0.043331146240234375
0.043335914611816406
0.043421030044555664
0.043456077575683594
0.043478965759277344
0.043482065200805664
0.04348492622375488
0.04356503486633301
0.043565988540649414
0.0436859130859375
0.043730974197387695
0.043745994567871094
0.04375600814819336
0.04377293586730957
0.04377603530883789
0.04378485679626465
0.043827056884765625
0.04384112358093262
0.04387807846069336
0.04406619071960449
0.04416608810424805
0.0441889762878418
0.04439687728881836
0.04440116882324219
0.044413089752197266
0.0444188117980957
0.04442191123962402
0.04443788528442383
0.04445505142211914
0.0444791316986084
0.04451894760131836
0.0446009635925293
0.04465603828430176
0.04468512535095215
0.04469108581542969
0.04469799995422363
0.04474616050720215
0.04475593566894531
0.044927120208740234
0.04492807388305664
0.04493093490600586
0.044996023178100586
0.045001983642578125
0.04501008987426758
0.045020103454589844
0.04504513740539551
0.045063018798828125
0.045081138610839844
0.04508805274963379
0.04509592056274414
0.04511594772338867
0.04512906074523926
0.045159101486206055
0.04520893096923828
0.04522395133972168
0.045278072357177734
0.045278072357177734
0.04539608955383301
0.04540109634399414
0.04541587829589844
0.04543590545654297
0.045445919036865234
0.04551506042480469
0.04552197456359863
0.04552483558654785
0.04552602767944336
0.045597076416015625
0.045614004135131836
0.045651912689208984
0.04565906524658203
0.04576611518859863
0.045867919921875
0.04588890075683594
0.04591202735900879
0.045922040939331055
0.04593491554260254
0.04595518112182617
0.04602193832397461
0.04606008529663086
0.04614996910095215
0.04617810249328613
0.046215057373046875
0.0462191104888916
0.04622602462768555
0.04623579978942871
0.04623913764953613
0.04624009132385254
0.04626011848449707
0.0463411808013916
0.046343088150024414
0.04635810852050781
0.04636716842651367
0.046411991119384766
0.046421051025390625
0.046427011489868164
0.04645895957946777
0.04648900032043457
0.04650282859802246
0.04651498794555664
0.04654502868652344
0.046547889709472656
0.04657888412475586
0.04659390449523926
0.04660391807556152
0.04662895202636719
0.04671001434326172
0.04673290252685547
0.04675483703613281
0.046762943267822266
0.046781063079833984
0.04688096046447754
0.04689502716064453
0.04696512222290039
0.04697704315185547
0.04698586463928223
0.04705691337585449
0.04710698127746582
0.04719805717468262
0.04720306396484375
0.04721999168395996
0.047245025634765625
0.04726696014404297
0.0472869873046875
0.04729604721069336
0.047325849533081055
0.04732799530029297
0.047332048416137695
0.04733896255493164
0.047348976135253906
0.04735612869262695
0.04757881164550781
0.04757881164550781
0.04759812355041504
0.047625064849853516
0.047628164291381836
0.04764699935913086
0.04766106605529785
0.04781603813171387
0.04789996147155762
0.04797101020812988
0.04798007011413574
0.04799699783325195
0.04801201820373535
0.04805493354797363
0.04826211929321289
0.04831218719482422
0.04832792282104492
0.048339128494262695
0.04834103584289551
0.048403024673461914
0.04840493202209473
0.04841804504394531
0.048423051834106445
0.04848909378051758
0.04849815368652344
0.048523902893066406
0.04860997200012207
0.04864192008972168
0.04864192008972168
0.048709869384765625
0.0487210750579834
0.048829078674316406
0.04884195327758789
0.04891395568847656
0.04893207550048828
0.04893803596496582
0.048992156982421875
0.0490419864654541
0.04906296730041504
0.049069881439208984
0.04909014701843262
0.04915189743041992
0.04917001724243164
0.04922819137573242
0.04922986030578613
0.049230098724365234
0.049308061599731445
0.0494229793548584
0.04942488670349121
0.04944276809692383
0.04951119422912598
0.04951310157775879
0.04958295822143555
0.04961800575256348
0.049681901931762695
0.04969596862792969
0.04974985122680664
0.049783945083618164
0.04981398582458496
0.04984402656555176
0.049861907958984375
0.049922943115234375
0.04993486404418945
0.04995298385620117
0.05001711845397949
0.050096988677978516
0.05019497871398926
0.050215959548950195
0.05034303665161133
0.05039405822753906
0.0504000186920166
0.05049610137939453
0.05051898956298828
0.05052590370178223
0.050560951232910156
0.05057096481323242
0.05058097839355469
0.050720930099487305
0.050794124603271484
0.05079793930053711
0.05082106590270996
0.050935983657836914
0.05094003677368164
0.05110597610473633
0.05123496055603027
0.05137515068054199
0.051377058029174805
0.05144500732421875
0.051457881927490234
0.05150103569030762
0.051519155502319336
0.05152487754821777
0.051596879959106445
0.05160808563232422
0.05163288116455078
0.0516660213470459
0.05167794227600098
0.05169200897216797
0.05170702934265137
0.051718950271606445
0.05173087120056152
0.051795005798339844
0.051817893981933594
0.05186104774475098
0.05188894271850586
0.0519258975982666
0.0519869327545166
0.05199098587036133
0.05201601982116699
0.05201911926269531
0.052023887634277344
0.0520319938659668
0.05206704139709473
0.05208110809326172
0.052088022232055664
0.0521550178527832
0.052179813385009766
0.052188873291015625
0.05219888687133789
0.052278995513916016
0.052320003509521484
0.05240297317504883
0.052442073822021484
0.0524599552154541
0.05246686935424805
0.0525209903717041
0.05252194404602051
0.05253291130065918
0.05257606506347656
0.052622079849243164
0.0526430606842041
0.05267906188964844
0.0526881217956543
0.05271506309509277
0.05273604393005371
0.05273914337158203
0.05275392532348633
0.05283188819885254
0.0529170036315918
0.05293607711791992
0.05294990539550781
0.05295205116271973
0.053021907806396484
0.0530400276184082
0.053076982498168945
0.0531010627746582
0.05334806442260742
0.053369998931884766
0.05342507362365723
0.053498029708862305
0.05350804328918457
0.0535120964050293
0.053581953048706055
0.05360293388366699
0.05369305610656738
0.05372881889343262
0.05375194549560547
0.05381202697753906
0.05383801460266113
0.05384397506713867
0.053852081298828125
0.05394887924194336
0.05396103858947754
0.05401301383972168
0.05402088165283203
0.054023027420043945
0.05403590202331543
0.05403900146484375
0.054071903228759766
0.05411195755004883
0.054113149642944336
0.05418515205383301
0.054223060607910156
0.05423998832702637
0.05424809455871582
0.05427908897399902
0.05428314208984375
0.05428600311279297
0.05430293083190918
0.05437016487121582
0.054409027099609375
0.05441403388977051
0.05441713333129883
0.05443596839904785
0.05448102951049805
0.054483890533447266
0.05449390411376953
0.054505109786987305
0.054518938064575195
0.0545649528503418
0.05458402633666992
0.054586172103881836
0.054594993591308594
0.0546112060546875
0.05461382865905762
0.054633140563964844
0.054682016372680664
0.05468297004699707
0.05472898483276367
0.05473208427429199
0.05482912063598633
0.05492401123046875
0.054988861083984375
0.05499005317687988
0.05508589744567871
0.05521392822265625
0.05524802207946777
0.055314064025878906
0.05535483360290527
0.0553739070892334
0.055444955825805664
0.055503129959106445
0.05551600456237793
0.055538177490234375
0.05554389953613281
0.05561518669128418
0.05565786361694336
0.055670976638793945
0.055674076080322266
0.05579710006713867
0.0558929443359375
0.055938005447387695
0.05594611167907715
0.05596613883972168
0.055975914001464844
0.05601811408996582
0.05607891082763672
0.056097984313964844
0.05609893798828125
0.056224822998046875
0.05622696876525879
0.0562901496887207
0.056365013122558594
0.05639004707336426
0.05649423599243164
0.05649709701538086
0.05650210380554199
0.05657005310058594
0.056596994400024414
0.05662202835083008
0.05681896209716797
0.056823015213012695
0.056860923767089844
0.05692100524902344
0.05699610710144043
0.057023048400878906
0.05709505081176758
0.05712008476257324
0.05716514587402344
0.057331085205078125
0.05742692947387695
0.05759596824645996
0.057650089263916016
0.05766487121582031
0.05777096748352051
0.05781698226928711
0.05790209770202637
0.057910919189453125
0.05797886848449707
0.058158159255981445
0.05820298194885254
0.058277130126953125
0.058305978775024414
0.05833888053894043
0.05847883224487305
0.05869293212890625
0.05870795249938965
0.058724164962768555
0.0588679313659668
0.059036970138549805
0.05908083915710449
0.059107065200805664
0.059133052825927734
0.059165000915527344
0.05932784080505371
0.0594630241394043
0.05946612358093262
0.05949592590332031
0.05966997146606445
0.05970406532287598
0.05972003936767578
0.05981802940368652
0.05983710289001465
0.05988001823425293
0.060005903244018555
0.060281991958618164
0.06036806106567383
0.060537099838256836
0.06056785583496094
0.06057000160217285
0.06069612503051758
0.06072092056274414
0.06073784828186035
0.06088399887084961
0.060951948165893555
0.060961008071899414
0.060986995697021484
0.06100201606750488
0.06116604804992676
0.06123185157775879
0.06162691116333008
0.06171894073486328
0.061749935150146484
0.061888933181762695
0.06199812889099121
0.062048912048339844
0.06221294403076172
0.062242984771728516
0.06245708465576172
0.06251096725463867
0.06254005432128906
0.06255507469177246
0.0627288818359375
0.06276297569274902
0.0628349781036377
0.06286382675170898
0.06306600570678711
0.06314396858215332
0.06314706802368164
0.06329703330993652
0.06331801414489746
0.0634150505065918
0.06347990036010742
0.06364583969116211
0.06367015838623047
0.0637369155883789
0.06375002861022949
0.0638580322265625
0.0639200210571289
0.06401181221008301
0.06416797637939453
0.06417107582092285
0.0641789436340332
0.06420302391052246
0.06426620483398438
0.06427001953125
0.06427502632141113
0.06430387496948242
0.0646522045135498
0.06479310989379883
0.06479597091674805
0.06491899490356445
0.06516909599304199
0.06534194946289062
0.06571102142333984
0.06605410575866699
0.06619095802307129
0.06624102592468262
0.06632399559020996
0.0664830207824707
0.06668591499328613
0.06683897972106934
0.06701493263244629
0.0674588680267334
0.0681009292602539
0.06812214851379395
0.0681300163269043
0.06826400756835938
0.06870198249816895
0.06870412826538086
0.06872415542602539
0.06875014305114746
0.06902694702148438
0.0692131519317627
0.06929898262023926
0.06937813758850098
0.06942391395568848
0.06958508491516113
0.0695958137512207
0.0696258544921875
0.06981277465820312
0.06990385055541992
0.07002091407775879
0.07043313980102539
0.07044816017150879
0.07104706764221191
0.07140207290649414
0.0714271068572998
0.07171988487243652
0.0718379020690918
0.07188296318054199
0.07240104675292969
0.07247614860534668
0.07254886627197266
0.07258105278015137
0.07262706756591797
0.07274007797241211
0.07305788993835449
0.07340192794799805
0.07354187965393066
0.07427191734313965
0.07551097869873047
0.07555699348449707
0.07594990730285645
0.07643699645996094
0.07658791542053223
0.07671689987182617
0.07685089111328125
0.07706809043884277
0.07713198661804199
0.07735204696655273
0.07751798629760742
0.07809090614318848
0.07822799682617188
0.07842183113098145
0.07985877990722656
0.08060407638549805
0.08902883529663086
0.08972287178039551
0.09334301948547363
0.23478913307189941
0.2384018898010254
0.2398819923400879
0.24272513389587402
0.24515008926391602
0.24683809280395508
0.2482438087463379
0.25010108947753906
0.25078892707824707
0.2528209686279297
0.2532389163970947
0.2539398670196533
0.2566230297088623
0.2609081268310547
0.26094484329223633
0.2610490322113037
0.26162099838256836
0.2623600959777832
0.26245594024658203
0.26271510124206543
0.26313090324401855
0.2633979320526123
0.26694798469543457
0.2675340175628662
0.268064022064209
0.26912593841552734
0.2692391872406006
0.27054286003112793
0.2711949348449707
0.27157115936279297
0.27176594734191895
0.2720959186553955
0.27343082427978516
0.2735319137573242
0.27495789527893066
0.27685093879699707
0.27763915061950684
0.2785069942474365
0.2890470027923584
0.29872584342956543
0.657534122467041
0.6886880397796631
0.6895949840545654
0.6897170543670654
0.689842939376831
0.699517011642456
0.7003819942474365
0.71138596534729
0.7117078304290771
1.0061769485473633
1.0068268775939941
1.0157630443572998
1.0209200382232666
1.0217161178588867
1.0249290466308594
1.0251550674438477
1.0265870094299316
1.028555154800415
1.0299150943756104
1.0302879810333252
1.0309700965881348
1.0310089588165283
1.0323758125305176
1.032628059387207
1.033393144607544
1.0334439277648926
1.0342130661010742
1.0344619750976562
1.0349180698394775
1.0351321697235107
1.0352838039398193
1.0362730026245117
1.0363671779632568
1.0372321605682373
1.0379819869995117
1.0381081104278564
1.0390069484710693
1.0392858982086182
1.0398108959197998
1.0398530960083008
1.0399627685546875
1.040069818496704
1.040320873260498
1.040518045425415
1.0412280559539795
1.0412721633911133
1.041769027709961
1.041923999786377
1.042184829711914
1.0423409938812256
1.0426440238952637
1.0437400341033936
1.0438640117645264
1.0454399585723877
1.0455188751220703
1.0456020832061768
1.0460789203643799
1.0466442108154297
1.0472350120544434
1.0476319789886475
1.0477662086486816
1.0478770732879639
1.0482189655303955
1.0483808517456055
1.0485289096832275
1.048619031906128
1.0487239360809326
1.0488581657409668
1.049130916595459
1.0493340492248535
1.050497055053711
1.0504989624023438
1.0505249500274658
1.0508301258087158
1.051048994064331
1.0511219501495361
1.0512330532073975
1.051344871520996
1.0514910221099854
1.0515360832214355
1.0517840385437012
1.051846981048584
1.0521199703216553
1.0527470111846924
1.0532360076904297
1.0532770156860352
1.0537970066070557
1.0539219379425049
1.054499864578247
1.054560899734497
1.0551707744598389
1.05570387840271
1.056467056274414
1.0570809841156006
1.0571091175079346
1.057286024093628
1.0576999187469482
1.0583209991455078
1.0589320659637451
1.0595440864562988
1.0596239566802979
1.0613951683044434
1.0614559650421143
1.0669419765472412
1.0676350593566895
1.0724761486053467
1.2420930862426758
1.2494730949401855
1.2542810440063477
1.2582578659057617
1.2590880393981934
1.2646749019622803
1.266261100769043
1.2716138362884521
1.2730870246887207
1.2742640972137451
1.2781500816345215
1.280216932296753
1.2935869693756104
1.5386130809783936
1.562455177307129
1.5654239654541016
1.5974621772766113
3.0247700214385986
3.035349130630493
3.0365090370178223
3.039033889770508
3.0421061515808105
3.0423388481140137
3.0437350273132324
3.0444209575653076
3.0476720333099365
3.0498769283294678
3.052075147628784
3.052372932434082
3.05275297164917
3.0531420707702637
3.053433895111084
3.0540339946746826
3.0542550086975098
3.0558910369873047
3.0632870197296143
3.0648679733276367
3.0648770332336426
3.25573992729187
3.270505905151367
3.6916539669036865
4.550893068313599
7.043190002441406
7.05003809928894
7.050856828689575
