0.008257150650024414
0.01188516616821289
0.012426137924194336
0.01270604133605957
0.013143062591552734
0.013777017593383789
0.01386117935180664
0.013926029205322266
0.015522956848144531
0.01569390296936035
0.016408920288085938
0.01691603660583496
0.01694512367248535
0.01711106300354004
0.017771005630493164
0.01786494255065918
0.018357038497924805
0.018643856048583984
0.018835067749023438
0.019520998001098633
0.019535064697265625
0.020112991333007812
0.02013993263244629
0.02037501335144043
0.020550966262817383
0.020622968673706055
0.020719051361083984
0.020824909210205078
0.020833969116210938
0.0208737850189209
0.020992040634155273
0.021305084228515625
0.021461009979248047
0.021683931350708008
0.021732091903686523
0.02173304557800293
0.022233963012695312
0.02233409881591797
0.02234196662902832
0.022382020950317383
0.02246880531311035
0.022593021392822266
0.022694826126098633
0.022706031799316406
0.02278900146484375
0.02302408218383789
0.0233919620513916
0.023400068283081055
0.023415803909301758
0.023446083068847656
0.023633956909179688
0.0236358642578125
0.02378702163696289
0.023852109909057617
0.0239410400390625
0.023994922637939453
0.02414703369140625
0.024158954620361328
0.024206161499023438
0.024219036102294922
0.02434086799621582
0.024364948272705078
0.024459123611450195
0.024539947509765625
0.024547815322875977
0.02485823631286621
0.024925947189331055
0.024988889694213867
0.0251619815826416
0.025254011154174805
0.025287151336669922
0.025289058685302734
0.02547597885131836
0.025532007217407227
0.025665998458862305
0.02572011947631836
0.02572798728942871
0.02576899528503418
0.025829076766967773
0.026001930236816406
0.026057004928588867
0.026190996170043945
0.026216983795166016
0.026245832443237305
0.02630901336669922
0.026317119598388672
0.02634882926940918
0.02644515037536621
0.026535987854003906
0.026887893676757812
0.02702498435974121
0.02704906463623047
0.02713489532470703
0.02718496322631836
0.027341127395629883
0.027486085891723633
0.027515888214111328
0.027571916580200195
0.02759718894958496
0.027685165405273438
0.027709007263183594
0.027729034423828125
0.02775096893310547
0.02788400650024414
0.02788996696472168
0.02804088592529297
0.028078079223632812
0.028227806091308594
0.028252124786376953
0.02837514877319336
0.028433799743652344
0.02846693992614746
0.028471946716308594
0.028512001037597656
0.028662919998168945
0.028690099716186523
0.028699159622192383
0.02879619598388672
0.028813838958740234
0.02881598472595215
0.028856992721557617
0.02895212173461914
0.02900099754333496
0.0290069580078125
0.029157161712646484
0.029191017150878906
0.02925896644592285
0.029315948486328125
0.029330015182495117
0.029375076293945312
0.029432058334350586
0.02946305274963379
0.02955484390258789
0.029603958129882812
0.029650211334228516
0.029664039611816406
0.029667139053344727
0.029698848724365234
0.02977299690246582
0.02984619140625
0.030013084411621094
0.03011488914489746
0.03011488914489746
0.03011608123779297
0.030178070068359375
0.030212879180908203
0.030270814895629883
0.030308961868286133
0.030399799346923828
0.0305020809173584
0.03052496910095215
0.030534982681274414
0.0305938720703125
0.03063678741455078
0.03064894676208496
0.030698060989379883
0.030817031860351562
0.030840158462524414
0.030916929244995117
0.030942916870117188
0.030949831008911133
0.031003952026367188
0.03104686737060547
0.031216859817504883
0.03132200241088867
0.031355857849121094
0.03145885467529297
0.031501054763793945
0.031538963317871094
0.03162503242492676
0.03165006637573242
0.031681060791015625
0.03175497055053711
0.031759023666381836
0.03176283836364746
0.0319058895111084
0.0319218635559082
0.03192400932312012
0.0319368839263916
0.03196001052856445
0.03204989433288574
0.03208303451538086
0.032090187072753906
0.032099008560180664
0.0321199893951416
0.03213310241699219
0.032241106033325195
0.032279014587402344
0.03228497505187988
0.03234505653381348
0.032382965087890625
0.03243303298950195
0.03255009651184082
0.03258705139160156
0.032592058181762695
0.0329899787902832
0.03307008743286133
0.03307509422302246
0.03307604789733887
0.03312802314758301
0.03321099281311035
0.033255815505981445
0.03326702117919922
0.03329205513000488
0.03348088264465332
0.033486127853393555
0.03351712226867676
0.033538103103637695
0.03354597091674805
0.033589839935302734
0.033616065979003906
0.033657073974609375
0.03371596336364746
0.03371691703796387
0.03392291069030762
0.03395819664001465
0.03397202491760254
0.034013986587524414
0.034136056900024414
0.03426790237426758
0.034269094467163086
0.0342860221862793
0.03433585166931152
0.03435111045837402
0.0343630313873291
0.0344080924987793
0.034487009048461914
0.03457999229431152
0.03459787368774414
0.034613847732543945
0.034626007080078125
0.03466606140136719
0.03471803665161133
0.03473496437072754
0.034811973571777344
0.03484511375427246
0.034887075424194336
0.034895896911621094
0.035035133361816406
0.03506803512573242
0.03513479232788086
0.035195112228393555
0.03532004356384277
0.03539109230041504
0.035405874252319336
0.035420894622802734
0.03547096252441406
0.03550887107849121
0.035540103912353516
0.03556513786315918
0.03559994697570801
0.035624027252197266
0.035697221755981445
0.03583502769470215
0.03583693504333496
0.03588104248046875
0.035887956619262695
0.03592395782470703
0.0359499454498291
0.035986900329589844
0.03600907325744629
0.03603982925415039
0.03610587120056152
0.03614497184753418
0.03617691993713379
0.036216020584106445
0.036242008209228516
0.03638195991516113
0.0364079475402832
0.03644990921020508
0.0364840030670166
0.03653407096862793
0.03655409812927246
0.03670692443847656
0.03671693801879883
0.036752939224243164
0.03675389289855957
0.03677701950073242
0.03678607940673828
0.036787986755371094
0.03683614730834961
0.03685593605041504
0.03686809539794922
0.03696703910827637
0.036982059478759766
0.03698897361755371
0.03699898719787598
0.03700089454650879
0.03701496124267578
0.03706789016723633
0.03708291053771973
0.037094831466674805
0.03710317611694336
0.0371248722076416
0.03716087341308594
0.037200212478637695
0.037245988845825195
0.037249088287353516
0.03727221488952637
0.037290096282958984
0.037333011627197266
0.03744196891784668
0.03745603561401367
0.03751206398010254
0.03760886192321777
0.037635087966918945
0.03764605522155762
0.0376741886138916
0.03767681121826172
0.037721872329711914
0.03779101371765137
0.03782391548156738
0.03784489631652832
0.03786015510559082
0.03786611557006836
0.0379180908203125
0.037921905517578125
0.03795790672302246
0.03801894187927246
0.03802895545959473
0.038031816482543945
0.03808307647705078
0.038084983825683594
0.03809809684753418
0.038146018981933594
0.03815197944641113
0.038172006607055664
0.0381770133972168
0.038207054138183594
0.03832507133483887
0.038388967514038086
0.03842592239379883
0.03851485252380371
0.03863883018493652
0.03865694999694824
0.03866291046142578
0.038793087005615234
0.03882312774658203
0.03887510299682617
0.03892922401428223
0.03899502754211426
0.03903913497924805
0.03904891014099121
0.039090871810913086
0.03909897804260254
0.03910398483276367
0.03915286064147949
0.03943896293640137
0.03946709632873535
0.03949999809265137
0.03956198692321777
0.03965306282043457
0.03966999053955078
0.039710044860839844
0.039717912673950195
0.03974008560180664
0.039756059646606445
0.039823055267333984
0.03992605209350586
0.03994011878967285
0.03997397422790527
0.04003190994262695
0.04003500938415527
0.04015517234802246
0.040164947509765625
0.04018282890319824
0.04018592834472656
0.04028797149658203
0.04029488563537598
0.040322065353393555
0.04036116600036621
0.04038095474243164
0.04041481018066406
0.04042410850524902
0.040428876876831055
0.04050588607788086
0.04056882858276367
0.04057192802429199
0.040596961975097656
0.04064607620239258
0.04065203666687012
0.0407099723815918
0.0407099723815918
0.04075312614440918
0.04078102111816406
0.04078793525695801
0.040812015533447266
0.04082798957824707
0.040869951248168945
0.04094290733337402
0.040956974029541016
0.04100179672241211
0.04103708267211914
0.0410768985748291
0.041097164154052734
0.04109787940979004
0.041190147399902344
0.04120016098022461
0.0412449836730957
0.041252851486206055
0.04128909111022949
0.041342973709106445
0.041409969329833984
0.04142904281616211
0.04147815704345703
0.04149794578552246
0.04150700569152832
0.04156804084777832
0.04157900810241699
0.04160904884338379
0.04163503646850586
0.04164695739746094
0.041703224182128906
0.041857004165649414
0.04185795783996582
0.04188799858093262
0.04191398620605469
0.041938066482543945
0.041940927505493164
0.04194498062133789
0.041947126388549805
0.04194808006286621
0.04197216033935547
0.042001962661743164
0.0420229434967041
0.042037010192871094
0.04208707809448242
0.04210400581359863
0.04213714599609375
0.04215192794799805
0.042159080505371094
0.04223799705505371
0.04227590560913086
0.04228997230529785
0.042387962341308594
0.04242396354675293
0.04253101348876953
0.0425410270690918
0.04255390167236328
0.04256606101989746
0.04257917404174805
0.04265189170837402
0.04267406463623047
0.042684078216552734
0.04278302192687988
0.042832136154174805
0.042897939682006836
0.04291796684265137
0.042948007583618164
0.04295802116394043
0.04300189018249512
0.04305720329284668
0.0430598258972168
0.04306602478027344
0.04307699203491211
0.04307699203491211
0.04308509826660156
0.04309892654418945
0.04315686225891113
0.043324947357177734
0.043348073959350586
0.04335784912109375
0.04337596893310547
0.04338884353637695
0.04339408874511719
0.04345703125
0.04346609115600586
0.043469905853271484
0.04351091384887695
0.04351806640625
0.04355192184448242
0.0435791015625
0.043589115142822266
0.04361701011657715
0.04362201690673828
0.04363203048706055
0.04367208480834961
0.043701171875
0.04375505447387695
0.04375815391540527
0.04383206367492676
0.043901920318603516
0.043936967849731445
0.043966054916381836
0.04398012161254883
0.044001102447509766
0.04404020309448242
0.04407000541687012
0.04407000541687012
0.04410696029663086
0.044300079345703125
0.04430198669433594
0.04433298110961914
0.04437994956970215
0.04443788528442383
0.04446291923522949
0.04454302787780762
0.04455709457397461
0.04466509819030762
0.04473686218261719
0.04475808143615723
0.04482007026672363
0.04482388496398926
0.04482603073120117
0.04487109184265137
0.04487895965576172
0.0449671745300293
0.044981956481933594
0.045214176177978516
0.045314788818359375
0.04531598091125488
0.04531693458557129
0.04532313346862793
0.04540300369262695
0.04541587829589844
0.04543805122375488
0.04545092582702637
0.04551815986633301
0.04557609558105469
0.04559612274169922
0.04562711715698242
0.045649051666259766
0.045651912689208984
0.0456540584564209
0.045712947845458984
0.045755863189697266
0.04578399658203125
0.045803070068359375
0.045805931091308594
0.045976877212524414
0.04608798027038574
0.046090126037597656
0.046098947525024414
0.04619407653808594
0.04621005058288574
0.04621315002441406
0.04623699188232422
0.04629015922546387
0.04630613327026367
0.046319007873535156
0.04632902145385742
0.04633688926696777
0.04637289047241211
0.046411991119384766
0.04642200469970703
0.04643607139587402
0.046456098556518555
0.046476125717163086
0.04648184776306152
0.0465700626373291
0.04661893844604492
0.04662609100341797
0.04663205146789551
0.04668784141540527
0.04675889015197754
0.04678797721862793
0.04688882827758789
0.04689502716064453
0.046900033950805664
0.04690814018249512
0.04697084426879883
0.04699087142944336
0.04701089859008789
0.04703092575073242
0.04704999923706055
0.047141075134277344
0.0472102165222168
0.04721498489379883
0.04729604721069336
0.04730391502380371
0.04731607437133789
0.047338008880615234
0.047358036041259766
0.04737210273742676
0.04738116264343262
0.04738903045654297
0.04745602607727051
0.04748201370239258
0.04751300811767578
0.04752087593078613
0.0475311279296875
0.047616004943847656
0.04763603210449219
0.04764604568481445
0.047673940658569336
0.04770612716674805
0.04772210121154785
0.047792911529541016
0.0478060245513916
0.04787492752075195
0.04789400100708008
0.047920942306518555
0.04792189598083496
0.04793906211853027
0.04794907569885254
0.04808688163757324
0.04808783531188965
0.04810190200805664
0.04820513725280762
0.048442840576171875
0.04844498634338379
0.04850482940673828
0.048521995544433594
0.04853081703186035
0.04856705665588379
0.04863405227661133
0.0486750602722168
0.04874897003173828
0.04876995086669922
0.04878997802734375
0.04881095886230469
0.04883003234863281
0.048874855041503906
0.04888296127319336
0.04888916015625
0.048979997634887695
0.049018144607543945
0.04903721809387207
0.04911088943481445
0.04913902282714844
0.04914212226867676
0.04915595054626465
0.049176931381225586
0.04918384552001953
0.04918789863586426
0.04919099807739258
0.049211978912353516
0.04923200607299805
0.049237966537475586
0.04929709434509277
0.04932808876037598
0.049340009689331055
0.04938197135925293
0.049405813217163086
0.0494389533996582
0.04944896697998047
0.049453020095825195
0.049453020095825195
0.049469947814941406
0.049510955810546875
0.04951214790344238
0.04954385757446289
0.04959893226623535
0.04971194267272949
0.04972505569458008
0.049774885177612305
0.04980278015136719
0.049839019775390625
0.04985213279724121
0.04989504814147949
0.04990196228027344
0.049938201904296875
0.0499420166015625
0.05003809928894043
0.05006289482116699
0.050064802169799805
0.05009889602661133
0.05010509490966797
0.05011105537414551
0.05013012886047363
0.05018305778503418
0.05025196075439453
0.05028891563415527
0.05031895637512207
0.050340890884399414
0.05034303665161133
0.050399065017700195
0.05040597915649414
0.05043792724609375
0.050514936447143555
0.05059218406677246
0.05059480667114258
0.05060076713562012
0.05060410499572754
0.05061793327331543
0.05063009262084961
0.05065488815307617
0.050717830657958984
0.05080080032348633
0.050850868225097656
0.05086994171142578
0.050871849060058594
0.05095982551574707
0.05098891258239746
0.05101299285888672
0.05106496810913086
0.05111813545227051
0.051162004470825195
0.05117201805114746
0.05122208595275879
0.05123591423034668
0.0512700080871582
0.05130910873413086
0.051316022872924805
0.05135011672973633
0.0514070987701416
0.05142498016357422
0.051444053649902344
0.051457881927490234
0.051548004150390625
0.05156302452087402
0.051783084869384766
0.05182695388793945
0.05189108848571777
0.05192399024963379
0.05194401741027832
0.05195784568786621
0.052065134048461914
0.05209803581237793
0.052165985107421875
0.052186012268066406
0.05221915245056152
0.05222892761230469
0.05225706100463867
0.05225801467895508
0.052278995513916016
0.05228686332702637
0.052310943603515625
0.052330970764160156
0.05239105224609375
0.0524599552154541
0.05250406265258789
0.05251002311706543
0.05251812934875488
0.05262303352355957
0.05263090133666992
0.05263400077819824
0.0526738166809082
0.052706003189086914
0.052765846252441406
0.05286598205566406
0.052886962890625
0.05290818214416504
0.052950143814086914
0.05297493934631348
0.052987098693847656
0.05302691459655762
0.053086042404174805
0.05312085151672363
0.053134918212890625
0.05315113067626953
0.05315589904785156
0.05316495895385742
0.053169965744018555
0.05317997932434082
0.05322003364562988
0.0532228946685791
0.053266048431396484
0.0532679557800293
0.05330014228820801
0.05330300331115723
0.05330610275268555
0.05338096618652344
0.053383827209472656
0.053421974182128906
0.05342912673950195
0.05343914031982422
0.0534670352935791
0.05349588394165039
0.05350208282470703
0.053514957427978516
0.05359196662902832
0.053604841232299805
0.05360817909240723
0.05363607406616211
0.05363607406616211
0.053663015365600586
0.053687095642089844
0.05370903015136719
0.05371499061584473
0.05371499061584473
0.05372905731201172
0.05377507209777832
0.05378007888793945
0.053809165954589844
0.05382800102233887
0.05384707450866699
0.053856849670410156
0.05386614799499512
0.05387687683105469
0.0538787841796875
0.05388212203979492
0.05389595031738281
0.05390810966491699
0.05403900146484375
0.05404400825500488
0.054058074951171875
0.05411505699157715
0.054121971130371094
0.054141998291015625
0.05415201187133789
0.05415916442871094
0.05418109893798828
0.05419588088989258
0.05420708656311035
0.05431509017944336
0.05434298515319824
0.054403066635131836
0.054451942443847656
0.05446004867553711
0.05458211898803711
0.05459403991699219
0.0546720027923584
0.054718971252441406
0.05475211143493652
0.0547640323638916
0.054815053939819336
0.054826974868774414
0.05483198165893555
0.05484604835510254
0.05489087104797363
0.05489492416381836
0.054926156997680664
0.055030107498168945
0.05503511428833008
0.055078983306884766
0.05510997772216797
0.0551149845123291
0.0551450252532959
0.05516791343688965
0.05520009994506836
0.05521202087402344
0.05533599853515625
0.05541801452636719
0.055448055267333984
0.055474042892456055
0.05550694465637207
0.05553913116455078
0.05553913116455078
0.05561995506286621
0.05568099021911621
0.05570697784423828
0.05574607849121094
0.055763959884643555
0.05577802658081055
0.05582690238952637
0.05587410926818848
0.05587482452392578
0.0559229850769043
0.05598306655883789
0.05601811408996582
0.05603790283203125
0.05603790283203125
0.056134939193725586
0.05617094039916992
0.056179046630859375
0.05621004104614258
0.0562288761138916
0.056233882904052734
0.05625796318054199
0.05629706382751465
0.05637502670288086
0.05639195442199707
0.05639314651489258
0.05649089813232422
0.05652880668640137
0.0565791130065918
0.05669593811035156
0.056719064712524414
0.056722164154052734
0.05682492256164551
0.057045936584472656
0.05706000328063965
0.05706596374511719
0.05712890625
0.05716991424560547
0.0571742057800293
0.05718493461608887
0.05723905563354492
0.05726814270019531
0.05732297897338867
0.057417869567871094
0.057424068450927734
0.05743980407714844
0.057617902755737305
0.0576629638671875
0.057665109634399414
0.05768299102783203
0.05769705772399902
0.05778312683105469
0.057784080505371094
0.05779099464416504
0.057872772216796875
0.05799102783203125
0.05816507339477539
0.05827212333679199
0.05838799476623535
0.058470964431762695
0.05851292610168457
0.05859804153442383
0.0586090087890625
0.05861306190490723
0.058645009994506836
0.05864906311035156
0.05865001678466797
0.05867481231689453
0.05867791175842285
0.05876803398132324
0.05881500244140625
0.05888104438781738
0.05901908874511719
0.05904507637023926
0.0590670108795166
0.05908203125
0.05917811393737793
0.0592348575592041
0.05923891067504883
0.05929708480834961
0.059324026107788086
0.05933499336242676
0.05933880805969238
0.0593721866607666
0.05937695503234863
0.059420108795166016
0.05945110321044922
0.05946087837219238
0.05961012840270996
0.05962705612182617
0.05980396270751953
0.0598139762878418
0.05982494354248047
0.059851884841918945
0.05990886688232422
0.0599210262298584
0.059979915618896484
0.060009002685546875
0.06006622314453125
0.060281991958618164
0.06036210060119629
0.06053590774536133
0.060584068298339844
0.06072807312011719
0.06073284149169922
0.06090807914733887
0.06092500686645508
0.061048030853271484
0.06127500534057617
0.06136202812194824
0.06144905090332031
0.0615689754486084
0.06166696548461914
0.06197810173034668
0.062062978744506836
0.06210184097290039
0.06227707862854004
0.06249284744262695
0.06249809265136719
0.06260204315185547
0.06264996528625488
0.06270503997802734
0.06279802322387695
0.06310296058654785
0.06328201293945312
0.06337904930114746
0.06341099739074707
0.0635838508605957
0.06359410285949707
0.0636451244354248
0.06375598907470703
0.06390094757080078
0.06392502784729004
0.06409287452697754
0.06426405906677246
0.06428194046020508
0.06449484825134277
0.06454205513000488
0.06478118896484375
0.06483101844787598
0.06492304801940918
0.06496596336364746
0.06512904167175293
0.06513500213623047
0.06518793106079102
0.06526017189025879
0.06596207618713379
0.06613397598266602
0.0661630630493164
0.06619000434875488
0.06619501113891602
0.06628108024597168
0.06669116020202637
0.06670904159545898
0.0667870044708252
0.06729912757873535
0.06742596626281738
0.06748318672180176
0.06776118278503418
0.06778693199157715
0.06875801086425781
0.06919503211975098
0.06953096389770508
0.06975507736206055
0.07017207145690918
0.07061982154846191
0.07166886329650879
0.0718228816986084
0.07251501083374023
0.07257699966430664
0.07332491874694824
0.0734090805053711
0.0736238956451416
0.07388997077941895
0.07401084899902344
0.0742788314819336
0.0750877857208252
0.07550406455993652
0.07734894752502441
0.07744097709655762
0.07761311531066895
0.07797598838806152
0.07826113700866699
0.08497095108032227
0.08524799346923828
0.2205519676208496
0.22370100021362305
0.2302711009979248
0.23105216026306152
0.23476099967956543
0.2353670597076416
0.2382500171661377
0.24030709266662598
0.24052190780639648
0.24712085723876953
0.2501180171966553
0.2517049312591553
0.2517399787902832
0.25443100929260254
0.2549259662628174
0.25678300857543945
0.25859498977661133
0.25864195823669434
0.25944995880126953
0.2597041130065918
0.25977492332458496
0.26016998291015625
0.2612900733947754
0.2617318630218506
0.26262378692626953
0.26311707496643066
0.26364612579345703
0.26375293731689453
0.26407504081726074
0.26439499855041504
0.2666511535644531
0.2669050693511963
0.2672159671783447
0.26824378967285156
0.2684919834136963
0.27007079124450684
0.27049708366394043
0.27159905433654785
0.27194690704345703
0.2742128372192383
0.2745361328125
0.2774381637573242
0.27760910987854004
0.2781059741973877
0.2791459560394287
0.2823600769042969
0.28463101387023926
0.28949594497680664
0.2914891242980957
0.2915470600128174
0.6815907955169678
0.6931581497192383
0.7035520076751709
0.7068140506744385
0.707197904586792
0.7080891132354736
1.0112240314483643
1.0138509273529053
1.0252430438995361
1.0263910293579102
1.028109073638916
1.0294458866119385
1.029538869857788
1.0299780368804932
1.0300369262695312
1.031682014465332
1.032270908355713
1.0325398445129395
1.0335559844970703
1.0339698791503906
1.0342340469360352
1.034682035446167
1.0353190898895264
1.0353691577911377
1.0354111194610596
1.0355029106140137
1.0365688800811768
1.037613868713379
1.0376291275024414
1.0379979610443115
1.0381770133972168
1.0383880138397217
1.0385379791259766
1.0389318466186523
1.0392370223999023
1.0392649173736572
1.0400209426879883
1.0401859283447266
1.0403800010681152
1.040710210800171
1.0407989025115967
1.0408339500427246
1.04144287109375
1.0417718887329102
1.0419418811798096
1.0419831275939941
1.0422260761260986
1.04239821434021
1.0426690578460693
1.0427520275115967
1.0429599285125732
1.0433011054992676
1.043565034866333
1.0448980331420898
1.0450899600982666
1.0450971126556396
1.0453720092773438
1.0454111099243164
1.045423984527588
1.0454378128051758
1.0455451011657715
1.0463411808013916
1.0466129779815674
1.0469591617584229
1.047084093093872
1.0471811294555664
1.047410011291504
1.0475399494171143
1.0479509830474854
1.0482420921325684
1.0482869148254395
1.0493299961090088
1.0500819683074951
1.0509028434753418
1.0509519577026367
1.051114797592163
1.0512478351593018
1.0516700744628906
1.0520401000976562
1.0521619319915771
1.0530498027801514
1.0533571243286133
1.0534710884094238
1.053529977798462
1.0535938739776611
1.0536341667175293
1.0540270805358887
1.0545110702514648
1.0545580387115479
1.0546009540557861
1.0546460151672363
1.0551269054412842
1.0553860664367676
1.0554430484771729
1.0558149814605713
1.05594801902771
1.0560171604156494
1.056222915649414
1.0564630031585693
1.057276964187622
1.0585758686065674
1.058701992034912
1.0587561130523682
1.0587708950042725
1.0588538646697998
1.0592129230499268
1.0597569942474365
1.0603108406066895
1.0606110095977783
1.0606160163879395
1.0606470108032227
1.0610160827636719
1.0610830783843994
1.061554193496704
1.062087059020996
1.0624279975891113
1.0632400512695312
1.063337802886963
1.0652589797973633
1.0671780109405518
1.0672168731689453
1.0692389011383057
1.069291114807129
1.0697360038757324
1.0713419914245605
1.0808138847351074
1.235483169555664
1.2535669803619385
1.2680351734161377
1.2688820362091064
1.273042917251587
1.2775280475616455
1.289421796798706
1.2947990894317627
1.5508449077606201
1.5537419319152832
1.557898998260498
1.6840720176696777
3.0253961086273193
3.0297188758850098
3.0370349884033203
3.0400390625
3.0411767959594727
3.0413260459899902
3.0420889854431152
3.0423989295959473
3.0448341369628906
3.0457448959350586
3.046794891357422
3.0478720664978027
3.0522758960723877
3.0524728298187256
3.052903175354004
3.0585520267486572
3.0604248046875
3.060854911804199
3.0698041915893555
3.077842950820923
3.2298130989074707
3.2545700073242188
3.2591800689697266
7.042293071746826
7.045670032501221
7.047605037689209
