0.014605045318603516
0.016963958740234375
0.017377138137817383
0.01740097999572754
0.01745915412902832
0.017726898193359375
0.01852703094482422
0.01923084259033203
0.019234180450439453
0.019237995147705078
0.019414901733398438
0.01958012580871582
0.019759178161621094
0.01993107795715332
0.020177125930786133
0.020228147506713867
0.020333051681518555
0.020396947860717773
0.020524024963378906
0.020679950714111328
0.02068781852722168
0.020693063735961914
0.0207059383392334
0.020730972290039062
0.020740985870361328
0.020762920379638672
0.020763158798217773
0.02082514762878418
0.020852088928222656
0.020940065383911133
0.02098703384399414
0.0209958553314209
0.021078109741210938
0.021116971969604492
0.021134138107299805
0.021268129348754883
0.021439075469970703
0.02144598960876465
0.021450042724609375
0.021698951721191406
0.021965980529785156
0.022049903869628906
0.022101879119873047
0.022192001342773438
0.02219700813293457
0.02227497100830078
0.02231597900390625
0.0223391056060791
0.022369861602783203
0.022455215454101562
0.022502899169921875
0.022503137588500977
0.02252793312072754
0.022724151611328125
0.02274799346923828
0.02293992042541504
0.023094892501831055
0.023140907287597656
0.023142099380493164
0.02321791648864746
0.02329397201538086
0.023361921310424805
0.023395061492919922
0.023425817489624023
0.023571014404296875
0.023597002029418945
0.023648977279663086
0.023696184158325195
0.023819923400878906
0.02383589744567871
0.02384805679321289
0.023866891860961914
0.023887157440185547
0.023967981338500977
0.023998022079467773
0.024113893508911133
0.024213075637817383
0.024272918701171875
0.024333953857421875
0.024369001388549805
0.024409055709838867
0.024471044540405273
0.024489879608154297
0.02449798583984375
0.0245058536529541
0.02450704574584961
0.024636030197143555
0.024758100509643555
0.024773836135864258
0.02483987808227539
0.024851083755493164
0.024855852127075195
0.024879932403564453
0.024930953979492188
0.025059938430786133
0.025162935256958008
0.025270938873291016
0.025310993194580078
0.025326967239379883
0.02549004554748535
0.025530099868774414
0.0255892276763916
0.025654077529907227
0.025681018829345703
0.025694847106933594
0.02585291862487793
0.026157140731811523
0.02629995346069336
0.026304960250854492
0.026355981826782227
0.026409149169921875
0.02651810646057129
0.02652907371520996
0.02663111686706543
0.02674698829650879
0.02675795555114746
0.026944875717163086
0.026980161666870117
0.026997089385986328
0.026998043060302734
0.027052879333496094
0.027096986770629883
0.027130126953125
0.027219057083129883
0.02726292610168457
0.027263879776000977
0.027276992797851562
0.02729201316833496
0.02732706069946289
0.027431011199951172
0.02750706672668457
0.02755904197692871
0.027601957321166992
0.027669191360473633
0.02782893180847168
0.02783203125
0.0279541015625
0.02818894386291504
0.028317928314208984
0.028321027755737305
0.028387069702148438
0.028450965881347656
0.02862405776977539
0.02863001823425293
0.028747081756591797
0.028753995895385742
0.028889894485473633
0.028892040252685547
0.028923988342285156
0.0289309024810791
0.028934001922607422
0.02895212173461914
0.028972148895263672
0.029002904891967773
0.02903580665588379
0.029129981994628906
0.029148101806640625
0.029343128204345703
0.02944207191467285
0.02946305274963379
0.02947998046875
0.029510021209716797
0.029519081115722656
0.029529809951782227
0.029546022415161133
0.029613018035888672
0.029621124267578125
0.029780149459838867
0.02986598014831543
0.029917001724243164
0.030081987380981445
0.030085086822509766
0.030224084854125977
0.030282974243164062
0.030345916748046875
0.03035902976989746
0.030368804931640625
0.030418872833251953
0.030456066131591797
0.0305020809173584
0.030536890029907227
0.030538082122802734
0.03064894676208496
0.030653953552246094
0.03066110610961914
0.03073596954345703
0.03074812889099121
0.03075385093688965
0.03079390525817871
0.030872106552124023
0.03092813491821289
0.030955076217651367
0.03105306625366211
0.031084060668945312
0.03108501434326172
0.031141996383666992
0.03134799003601074
0.031365156173706055
0.0314328670501709
0.031458139419555664
0.031471967697143555
0.03148913383483887
0.031549930572509766
0.03157496452331543
0.031614065170288086
0.03164196014404297
0.03165602684020996
0.031672000885009766
0.03169608116149902
0.03172183036804199
0.03172612190246582
0.031785011291503906
0.03181791305541992
0.03184199333190918
0.03191518783569336
0.03193187713623047
0.03200483322143555
0.032012939453125
0.032041072845458984
0.03210306167602539
0.03213906288146973
0.03214001655578613
0.032176971435546875
0.03218698501586914
0.03220415115356445
0.03237295150756836
0.03241300582885742
0.03247499465942383
0.03255605697631836
0.032579898834228516
0.03259015083312988
0.03266000747680664
0.032711029052734375
0.03275585174560547
0.03276491165161133
0.03290390968322754
0.03292679786682129
0.03297710418701172
0.03320598602294922
0.03325700759887695
0.033284902572631836
0.03337287902832031
0.033380985260009766
0.03342413902282715
0.03343796730041504
0.03348398208618164
0.0334930419921875
0.03354597091674805
0.03357696533203125
0.03358197212219238
0.03363299369812012
0.03370809555053711
0.03371095657348633
0.033737897872924805
0.03387093544006348
0.03394579887390137
0.033978939056396484
0.034001827239990234
0.034002065658569336
0.03401899337768555
0.03406095504760742
0.03406190872192383
0.034132957458496094
0.034182071685791016
0.03428292274475098
0.03429985046386719
0.03438901901245117
0.034417152404785156
0.034451961517333984
0.03456592559814453
0.03460693359375
0.034628868103027344
0.034631967544555664
0.03470110893249512
0.03474593162536621
0.03483009338378906
0.03485107421875
0.034912824630737305
0.03499102592468262
0.0350189208984375
0.03522086143493652
0.03523516654968262
0.03526592254638672
0.035286903381347656
0.03537702560424805
0.035427093505859375
0.035444021224975586
0.03548312187194824
0.03550100326538086
0.03557705879211426
0.03562498092651367
0.03564119338989258
0.035650014877319336
0.03565812110900879
0.035749197006225586
0.03576803207397461
0.03582000732421875
0.035826921463012695
0.03600001335144043
0.03601789474487305
0.03602194786071777
0.03603196144104004
0.03611493110656738
0.036149024963378906
0.036192893981933594
0.036199092864990234
0.03622698783874512
0.03632092475891113
0.03638005256652832
0.03640007972717285
0.03640294075012207
0.03642988204956055
0.03645610809326172
0.03647303581237793
0.036483049392700195
0.03657102584838867
0.03666090965270996
0.03666210174560547
0.03670811653137207
0.03673911094665527
0.03676915168762207
0.036839962005615234
0.03687691688537598
0.03689289093017578
0.036958932876586914
0.037014007568359375
0.03708505630493164
0.03712201118469238
0.03713202476501465
0.037171125411987305
0.037178993225097656
0.03717994689941406
0.037201881408691406
0.03721904754638672
0.037283897399902344
0.037283897399902344
0.037286996841430664
0.03729891777038574
0.037342071533203125
0.03735494613647461
0.03740096092224121
0.03750109672546387
0.03757119178771973
0.03769683837890625
0.037713050842285156
0.037744998931884766
0.037811994552612305
0.03781604766845703
0.03791093826293945
0.037928104400634766
0.0380098819732666
0.03804302215576172
0.038098812103271484
0.038107872009277344
0.0382990837097168
0.038352012634277344
0.03840208053588867
0.038465023040771484
0.03847694396972656
0.03848695755004883
0.038494110107421875
0.038559913635253906
0.03856182098388672
0.03861880302429199
0.038683176040649414
0.03868699073791504
0.03871297836303711
0.038717031478881836
0.03888988494873047
0.038928985595703125
0.03896594047546387
0.03897404670715332
0.03903079032897949
0.03905200958251953
0.03905296325683594
0.03905797004699707
0.03907203674316406
0.0390779972076416
0.039125919342041016
0.03920292854309082
0.03920412063598633
0.03924918174743652
0.03926420211791992
0.039298057556152344
0.039309024810791016
0.03941798210144043
0.039491891860961914
0.039582014083862305
0.03960299491882324
0.03963208198547363
0.03963494300842285
0.03966021537780762
0.03975200653076172
0.039762020111083984
0.03983020782470703
0.03994488716125488
0.03994607925415039
0.04003787040710449
0.04004693031311035
0.04007887840270996
0.04011702537536621
0.040119171142578125
0.040129899978637695
0.040155887603759766
0.04015803337097168
0.04029202461242676
0.04029989242553711
0.04031205177307129
0.04032778739929199
0.040357112884521484
0.04038500785827637
0.04041481018066406
0.04042696952819824
0.040429115295410156
0.04042983055114746
0.04044604301452637
0.04046511650085449
0.04047107696533203
0.04048895835876465
0.04049396514892578
0.04050493240356445
0.040513038635253906
0.04051709175109863
0.040537118911743164
0.040606021881103516
0.04071807861328125
0.04072213172912598
0.040734052658081055
0.04074215888977051
0.040743112564086914
0.04074501991271973
0.040750980377197266
0.04075503349304199
0.04075789451599121
0.040762901306152344
0.0407719612121582
0.040782928466796875
0.0408320426940918
0.04091191291809082
0.040914058685302734
0.04093599319458008
0.04102492332458496
0.041059017181396484
0.041107892990112305
0.041136980056762695
0.04117989540100098
0.04130411148071289
0.04130816459655762
0.04131317138671875
0.04135012626647949
0.0413820743560791
0.04141688346862793
0.04143810272216797
0.04144883155822754
0.04159188270568848
0.04159903526306152
0.04160308837890625
0.041619062423706055
0.0416409969329834
0.04165792465209961
0.041725873947143555
0.04175710678100586
0.04186511039733887
0.041893959045410156
0.0419309139251709
0.04201316833496094
0.04201817512512207
0.042054176330566406
0.04206514358520508
0.04206705093383789
0.042176008224487305
0.042227983474731445
0.0422360897064209
0.04229402542114258
0.04231691360473633
0.042330026626586914
0.04236006736755371
0.04236412048339844
0.04244589805603027
0.04245495796203613
0.04246020317077637
0.04249691963195801
0.04259920120239258
0.04262900352478027
0.04262995719909668
0.042639970779418945
0.04272103309631348
0.04281115531921387
0.0428159236907959
0.04285287857055664
0.04288601875305176
0.04290199279785156
0.04299306869506836
0.04306507110595703
0.04306983947753906
0.043077945709228516
0.0431060791015625
0.04310798645019531
0.04314303398132324
0.04314589500427246
0.04314899444580078
0.043267011642456055
0.04334902763366699
0.0433659553527832
0.04338812828063965
0.04339313507080078
0.0434260368347168
0.043437957763671875
0.04344582557678223
0.04351305961608887
0.04351687431335449
0.04355597496032715
0.043560028076171875
0.04358100891113281
0.04364204406738281
0.04364299774169922
0.043695926666259766
0.04376411437988281
0.04376816749572754
0.043855905532836914
0.043892860412597656
0.04390287399291992
0.04393410682678223
0.04393815994262695
0.04397106170654297
0.04398512840270996
0.0440220832824707
0.044088125228881836
0.044094085693359375
0.04410600662231445
0.04413104057312012
0.044259071350097656
0.04426288604736328
0.04426312446594238
0.04434800148010254
0.04441690444946289
0.044425010681152344
0.044489145278930664
0.044532060623168945
0.04456806182861328
0.044621944427490234
0.04470396041870117
0.04471111297607422
0.04472088813781738
0.044730186462402344
0.04475092887878418
0.04475903511047363
0.04482698440551758
0.04493212699890137
0.04507303237915039
0.04522109031677246
0.04523015022277832
0.04523897171020508
0.04525303840637207
0.04528212547302246
0.04528403282165527
0.045300960540771484
0.04535198211669922
0.04546403884887695
0.045513153076171875
0.045523881912231445
0.0455319881439209
0.04555392265319824
0.045556068420410156
0.045606136322021484
0.045623064041137695
0.04564499855041504
0.04568290710449219
0.04569888114929199
0.045699119567871094
0.04580211639404297
0.0458071231842041
0.04581809043884277
0.04584503173828125
0.04585003852844238
0.045865774154663086
0.04604005813598633
0.04611396789550781
0.046128034591674805
0.04616212844848633
0.046247005462646484
0.0462799072265625
0.04629993438720703
0.04630899429321289
0.04645800590515137
0.0464630126953125
0.04659891128540039
0.04667210578918457
0.046714067459106445
0.04674887657165527
0.046772003173828125
0.04682278633117676
0.04690384864807129
0.04691791534423828
0.0469510555267334
0.04696297645568848
0.04703211784362793
0.04705405235290527
0.04706907272338867
0.047077178955078125
0.047081947326660156
0.047094106674194336
0.04714703559875488
0.04717087745666504
0.04718422889709473
0.047202110290527344
0.04720616340637207
0.04720902442932129
0.047222137451171875
0.04723381996154785
0.047267913818359375
0.04727578163146973
0.04731893539428711
0.04732990264892578
0.04740500450134277
0.0475001335144043
0.0475010871887207
0.04753303527832031
0.047553062438964844
0.04762005805969238
0.04765510559082031
0.04774808883666992
0.04778003692626953
0.04781007766723633
0.04783916473388672
0.047842979431152344
0.04792499542236328
0.04793691635131836
0.04794597625732422
0.04799294471740723
0.04802417755126953
0.048071861267089844
0.04808402061462402
0.048097848892211914
0.048100948333740234
0.048100948333740234
0.04810905456542969
0.04811501502990723
0.04812192916870117
0.048132896423339844
0.0481419563293457
0.048152923583984375
0.04817008972167969
0.04819297790527344
0.048197031021118164
0.0482029914855957
0.048216819763183594
0.048287153244018555
0.04831695556640625
0.048358917236328125
0.04836583137512207
0.0483860969543457
0.048393964767456055
0.048413991928100586
0.04842495918273926
0.048544883728027344
0.04855704307556152
0.04860877990722656
0.04865002632141113
0.04869699478149414
0.04882097244262695
0.04884195327758789
0.04887104034423828
0.0488741397857666
0.04890799522399902
0.048941850662231445
0.04894304275512695
0.04895520210266113
0.049021005630493164
0.04909801483154297
0.04911684989929199
0.049153804779052734
0.04918098449707031
0.04918098449707031
0.04921388626098633
0.04931187629699707
0.04934096336364746
0.04935312271118164
0.049398183822631836
0.04948878288269043
0.049530982971191406
0.0495610237121582
0.04956197738647461
0.04958796501159668
0.04961204528808594
0.04961395263671875
0.049653053283691406
0.04968404769897461
0.04969501495361328
0.04975700378417969
0.049761056900024414
0.04976320266723633
0.049845218658447266
0.04990196228027344
0.04999208450317383
0.05003190040588379
0.050035953521728516
0.05003619194030762
0.05007791519165039
0.05008077621459961
0.05008196830749512
0.050112009048461914
0.05024409294128418
0.05030989646911621
0.05032801628112793
0.050351858139038086
0.050369977951049805
0.05038094520568848
0.050382137298583984
0.050398826599121094
0.05041098594665527
0.05051779747009277
0.050627946853637695
0.05064892768859863
0.050650835037231445
0.05068397521972656
0.050698041915893555
0.05069899559020996
0.05074715614318848
0.05083894729614258
0.05086708068847656
0.05104398727416992
0.05112099647521973
0.0511319637298584
0.051132917404174805
0.05115008354187012
0.051177978515625
0.05118513107299805
0.05125689506530762
0.05129098892211914
0.05129194259643555
0.051306962966918945
0.051380157470703125
0.05139493942260742
0.05144095420837402
0.051553964614868164
0.05158090591430664
0.05158495903015137
0.05164003372192383
0.051640987396240234
0.0516819953918457
0.0516970157623291
0.05173301696777344
0.051766157150268555
0.05176997184753418
0.05179905891418457
0.051805973052978516
0.05181598663330078
0.05187201499938965
0.051937103271484375
0.051959991455078125
0.05197787284851074
0.05198311805725098
0.05200505256652832
0.05209803581237793
0.05210304260253906
0.05215597152709961
0.05216693878173828
0.05218100547790527
0.05218315124511719
0.05220198631286621
0.05220818519592285
0.05239987373352051
0.052572011947631836
0.052594900131225586
0.052661895751953125
0.05266284942626953
0.05272197723388672
0.05273795127868652
0.05279803276062012
0.05282402038574219
0.05283188819885254
0.0528569221496582
0.052877187728881836
0.05288195610046387
0.05291295051574707
0.05294013023376465
0.05296206474304199
0.052970170974731445
0.052983999252319336
0.052989959716796875
0.05300188064575195
0.05303311347961426
0.053048133850097656
0.05312299728393555
0.053141117095947266
0.0531458854675293
0.05317997932434082
0.05323600769042969
0.053236961364746094
0.0532689094543457
0.0532839298248291
0.05329394340515137
0.05336594581604004
0.053514957427978516
0.05351710319519043
0.05351901054382324
0.053529977798461914
0.05357098579406738
0.05357694625854492
0.053581953048706055
0.05358481407165527
0.05359220504760742
0.05359220504760742
0.05362296104431152
0.053624868392944336
0.0536348819732666
0.05366396903991699
0.053671836853027344
0.05371809005737305
0.05377602577209473
0.0538029670715332
0.053880929946899414
0.05394601821899414
0.05402207374572754
0.05403399467468262
0.05407381057739258
0.0541379451751709
0.05416989326477051
0.05422687530517578
0.05422806739807129
0.05425000190734863
0.054258108139038086
0.05427908897399902
0.054431915283203125
0.05448317527770996
0.05453991889953613
0.05459713935852051
0.05463695526123047
0.05467510223388672
0.05478382110595703
0.05481100082397461
0.05485701560974121
0.05488991737365723
0.05489087104797363
0.05493497848510742
0.0550999641418457
0.0550999641418457
0.055149078369140625
0.05519700050354004
0.055207014083862305
0.055268049240112305
0.055274009704589844
0.055348873138427734
0.05542612075805664
0.05547690391540527
0.055487871170043945
0.05558300018310547
0.0556027889251709
0.055619001388549805
0.05563688278198242
0.055650949478149414
0.05572104454040527
0.05574297904968262
0.05579018592834473
0.05580282211303711
0.05584383010864258
0.055856943130493164
0.055891990661621094
0.055998802185058594
0.05608987808227539
0.05629110336303711
0.056411027908325195
0.0564119815826416
0.05646395683288574
0.05649209022521973
0.05649280548095703
0.0566258430480957
0.05664396286010742
0.056707143783569336
0.0567469596862793
0.05676102638244629
0.05676889419555664
0.05679607391357422
0.05680489540100098
0.05691099166870117
0.05692911148071289
0.05710101127624512
0.05710196495056152
0.05728888511657715
0.057476043701171875
0.05752682685852051
0.05758500099182129
0.05762982368469238
0.05763506889343262
0.05774092674255371
0.05779886245727539
0.05780482292175293
0.05785512924194336
0.0578608512878418
0.05797004699707031
0.05799293518066406
0.05802416801452637
0.058177947998046875
0.058403968811035156
0.05843400955200195
0.058454036712646484
0.05846381187438965
0.0586400032043457
0.05888700485229492
0.058976173400878906
0.05899810791015625
0.05900692939758301
0.05901503562927246
0.05905294418334961
0.05908703804016113
0.05911517143249512
0.05911898612976074
0.05911898612976074
0.05928802490234375
0.05929899215698242
0.05937600135803223
0.05944490432739258
0.05946612358093262
0.05950117111206055
0.05950784683227539
0.059538841247558594
0.0595860481262207
0.05962991714477539
0.05963301658630371
0.05973100662231445
0.059747934341430664
0.05979299545288086
0.06008315086364746
0.06019091606140137
0.06037187576293945
0.06048393249511719
0.060606956481933594
0.06129097938537598
0.061292171478271484
0.06151103973388672
0.06169295310974121
0.061699867248535156
0.06177687644958496
0.06184577941894531
0.061881065368652344
0.061953067779541016
0.062072038650512695
0.06207680702209473
0.06224393844604492
0.06234598159790039
0.06240200996398926
0.06245303153991699
0.06251096725463867
0.06257510185241699
0.06276392936706543
0.06281709671020508
0.06293892860412598
0.06301498413085938
0.06312894821166992
0.06313586235046387
0.06315088272094727
0.06328606605529785
0.0634160041809082
0.06372189521789551
0.06379294395446777
0.0638740062713623
0.06390094757080078
0.06391000747680664
0.06395506858825684
0.0639657974243164
0.06399703025817871
0.06410002708435059
0.06410884857177734
0.0641942024230957
0.06421303749084473
0.06438088417053223
0.0644831657409668
0.06498098373413086
0.06503105163574219
0.06524896621704102
0.06535100936889648
0.06538701057434082
0.06634902954101562
0.06638097763061523
0.0664529800415039
0.06662702560424805
0.06673908233642578
0.06688594818115234
0.06689906120300293
0.06735801696777344
0.06846904754638672
0.06850314140319824
0.06860899925231934
0.06873488426208496
0.06895709037780762
0.06914496421813965
0.06931304931640625
0.06976699829101562
0.06992912292480469
0.07013797760009766
0.0707249641418457
0.0712430477142334
0.07145810127258301
0.07192611694335938
0.07212495803833008
0.07251310348510742
0.07336187362670898
0.07410502433776855
0.07448101043701172
0.07464480400085449
0.07657003402709961
0.07680916786193848
0.07690596580505371
0.07700300216674805
0.07719182968139648
0.07752799987792969
0.07802987098693848
0.07899999618530273
0.07947707176208496
0.08324503898620605
0.08327412605285645
0.08428597450256348
0.08895492553710938
0.09013795852661133
0.21831798553466797
0.2297229766845703
0.23910999298095703
0.23930096626281738
0.24109792709350586
0.2415010929107666
0.2417771816253662
0.2425520420074463
0.24474096298217773
0.24816107749938965
0.24991583824157715
0.25194811820983887
0.252856969833374
0.25373411178588867
0.2545502185821533
0.25494384765625
0.25617098808288574
0.2569599151611328
0.2613368034362793
0.26210618019104004
0.26242685317993164
0.26366710662841797
0.26393795013427734
0.26415395736694336
0.26590609550476074
0.26605987548828125
0.2673640251159668
0.268002986907959
0.2686729431152344
0.2698349952697754
0.2702779769897461
0.2714059352874756
0.27177000045776367
0.27179908752441406
0.27196812629699707
0.27245402336120605
0.2725100517272949
0.27327799797058105
0.2745819091796875
0.2923929691314697
0.29263806343078613
0.30717992782592773
0.6784570217132568
0.6891591548919678
0.6955549716949463
0.6962878704071045
0.6979529857635498
0.7000000476837158
0.7158200740814209
0.7163031101226807
1.0146780014038086
1.015005111694336
1.0221970081329346
1.0228631496429443
1.0239911079406738
1.024770975112915
1.0280430316925049
1.0280981063842773
1.0287048816680908
1.0287501811981201
1.0294339656829834
1.029594898223877
1.0296299457550049
1.0300757884979248
1.0301392078399658
1.030998945236206
1.0316100120544434
1.0316228866577148
1.0318450927734375
1.0324170589447021
1.0324649810791016
1.0326929092407227
1.0334770679473877
1.033581018447876
1.0340828895568848
1.0349338054656982
1.0357098579406738
1.0359230041503906
1.0363969802856445
1.036586046218872
1.036890983581543
1.0376160144805908
1.0378470420837402
1.038668155670166
1.0388829708099365
1.0390019416809082
1.0394060611724854
1.0394370555877686
1.0399558544158936
1.0401761531829834
1.040877103805542
1.0411858558654785
1.041560173034668
1.0417170524597168
1.0418100357055664
1.0420691967010498
1.0423858165740967
1.0428550243377686
1.0428760051727295
1.0429270267486572
1.0434629917144775
1.043593168258667
1.043684959411621
1.0440680980682373
1.0445611476898193
1.0447099208831787
1.0449049472808838
1.045605182647705
1.0464670658111572
1.0467960834503174
1.0472691059112549
1.047494888305664
1.04817795753479
1.048374891281128
1.0483810901641846
1.0484240055084229
1.049184799194336
1.049828052520752
1.0498859882354736
1.049973964691162
1.0499980449676514
1.0502080917358398
1.0502901077270508
1.0505430698394775
1.0510430335998535
1.0532870292663574
1.0535221099853516
1.0563080310821533
1.0566949844360352
1.0567100048065186
1.0567958354949951
1.0571398735046387
1.0572118759155273
1.057568073272705
1.0580558776855469
1.058391809463501
1.0588560104370117
1.0593459606170654
1.0598020553588867
1.0607471466064453
1.061190128326416
1.0622608661651611
1.0653071403503418
1.0678539276123047
1.0690438747406006
1.0697219371795654
1.0699119567871094
1.0761690139770508
1.0788288116455078
1.0838258266448975
1.2365210056304932
1.2372629642486572
1.237959861755371
1.2422537803649902
1.2534120082855225
1.261296033859253
1.261909008026123
1.264089822769165
1.2643439769744873
1.2658710479736328
1.266042947769165
1.266300916671753
1.2720310688018799
1.2769899368286133
1.2780649662017822
1.6824440956115723
3.0027170181274414
3.02451491355896
3.0274691581726074
3.031503915786743
3.0362441539764404
3.037014961242676
3.0372440814971924
3.037835121154785
3.0431690216064453
3.043691873550415
3.0462470054626465
3.04923415184021
3.049813985824585
3.0534801483154297
3.053774833679199
3.0588388442993164
3.0617008209228516
3.0623128414154053
3.0625219345092773
3.063154935836792
3.2519371509552
7.0434730052948
7.0519468784332275
7.052849054336548
7.069768905639648
