0.03543400764465332
0.04214596748352051
0.042893171310424805
0.043260812759399414
0.04357790946960449
0.0436708927154541
0.047158002853393555
0.04821896553039551
0.04868197441101074
0.0488131046295166
0.0509488582611084
0.05120706558227539
0.0517120361328125
0.05200004577636719
0.05221414566040039
0.05225396156311035
0.05247902870178223
0.0525360107421875
0.05260300636291504
0.053420066833496094
0.05417490005493164
0.05417609214782715
0.054366111755371094
0.054570913314819336
0.056120872497558594
0.05658292770385742
0.05671405792236328
0.05755114555358887
0.058222055435180664
0.058242082595825195
0.058830976486206055
0.060765981674194336
0.06303095817565918
0.06387996673583984
0.0641489028930664
0.06491398811340332
0.06734919548034668
0.06749796867370605
0.06836104393005371
0.06869292259216309
0.06949305534362793
0.06950688362121582
0.06970906257629395
0.0701148509979248
0.07222580909729004
0.07223677635192871
0.0728449821472168
0.07358193397521973
0.07401800155639648
0.07448220252990723
0.07494688034057617
0.0758049488067627
0.07641410827636719
0.07767105102539062
0.0803229808807373
0.08045601844787598
0.08598995208740234
0.08787703514099121
0.09054398536682129
0.09072613716125488
0.09272098541259766
0.09483885765075684
0.09511995315551758
0.09606289863586426
0.09636616706848145
0.09841203689575195
0.0994119644165039
0.10079407691955566
0.1039891242980957
0.10744905471801758
0.13461780548095703
0.2505171298980713
0.25991201400756836
0.28502917289733887
0.29981398582458496
0.3125021457672119
0.7252299785614014
0.7323191165924072
1.0246639251708984
1.033189058303833
1.037827968597412
1.0475969314575195
1.048111915588379
1.0493590831756592
1.050394058227539
1.0525250434875488
1.0529661178588867
1.0591340065002441
1.0595970153808594
1.0610368251800537
1.0610849857330322
1.063283920288086
1.0644841194152832
1.0658400058746338
1.0669498443603516
1.0680768489837646
1.0693509578704834
1.0717949867248535
1.0742928981781006
1.0778300762176514
1.0781729221343994
1.0808091163635254
1.08660888671875
1.0895841121673584
1.091480016708374
1.0952792167663574
1.2536301612854004
1.2802760601043701
1.5976569652557373
1.6166319847106934
3.0306921005249023
3.054348945617676
3.064227819442749
3.0659830570220947
3.0669379234313965
3.0724191665649414
3.0751819610595703
3.083252191543579
3.277649164199829
7.045798063278198
7.0570361614227295
7.061792850494385
7.067418098449707
7.071710109710693
7.0741870403289795
7.075096845626831
7.085050821304321
7.089792966842651
7.315715074539185
7.316030979156494
7.716806888580322
15.149132013320923
16.607891082763672
31.06380009651184
