0.0356748104095459
0.03756594657897949
0.039649009704589844
0.0426030158996582
0.04286313056945801
0.04506206512451172
0.04521608352661133
0.04663705825805664
0.04678916931152344
0.04728412628173828
0.048499107360839844
0.04987502098083496
0.050431013107299805
0.05067110061645508
0.054186105728149414
0.05541706085205078
0.05569791793823242
0.0558629035949707
0.056633949279785156
0.05691194534301758
0.058518171310424805
0.05971789360046387
0.06017303466796875
0.06049299240112305
0.06082797050476074
0.06084084510803223
0.061498165130615234
0.06216597557067871
0.06260180473327637
0.06374692916870117
0.06385993957519531
0.0654759407043457
0.06593894958496094
0.06616020202636719
0.0661771297454834
0.06620001792907715
0.0677189826965332
0.0700531005859375
0.07050180435180664
0.07050490379333496
0.07059907913208008
0.07095599174499512
0.0709998607635498
0.0712118148803711
0.07171416282653809
0.07185697555541992
0.07220220565795898
0.07243704795837402
0.07257604598999023
0.07361793518066406
0.0737309455871582
0.07377886772155762
0.07444190979003906
0.07470583915710449
0.07471799850463867
0.07490301132202148
0.07510900497436523
0.0757439136505127
0.07755088806152344
0.07783102989196777
0.07795286178588867
0.07825613021850586
0.07947301864624023
0.0799560546875
0.08038806915283203
0.08135199546813965
0.08138895034790039
0.08179187774658203
0.08179593086242676
0.08220791816711426
0.08250999450683594
0.08451294898986816
0.08472585678100586
0.08574700355529785
0.08657598495483398
0.08662295341491699
0.0866849422454834
0.08737397193908691
0.08758783340454102
0.08835196495056152
0.08909797668457031
0.09099912643432617
0.09211611747741699
0.09264397621154785
0.09356212615966797
0.09432387351989746
0.09567403793334961
0.09596610069274902
0.09681510925292969
0.09763789176940918
0.09776711463928223
0.09792780876159668
0.09832406044006348
0.10047698020935059
0.10072994232177734
0.10394096374511719
0.10412096977233887
0.10453486442565918
0.10541915893554688
0.10560107231140137
0.10672593116760254
0.10774588584899902
0.10872101783752441
0.11160516738891602
0.11242890357971191
0.11470389366149902
0.11628484725952148
0.11754703521728516
0.12296819686889648
0.12318301200866699
0.1369330883026123
0.1486361026763916
0.2576768398284912
0.2665688991546631
0.694023847579956
0.7162039279937744
0.7195918560028076
0.7331099510192871
0.7461638450622559
1.0336859226226807
1.049250841140747
1.0515990257263184
1.0532140731811523
1.0568349361419678
1.0578649044036865
1.0588479042053223
1.0599019527435303
1.0623359680175781
1.0638539791107178
1.0646698474884033
1.064910888671875
1.0655169486999512
1.0672760009765625
1.0735809803009033
1.0768370628356934
1.0776100158691406
1.078758955001831
1.0817170143127441
1.0820519924163818
1.0821640491485596
1.0822901725769043
1.0826489925384521
1.0829370021820068
1.0845921039581299
1.0864081382751465
1.0926730632781982
1.09358811378479
1.0959599018096924
1.0990698337554932
1.1179180145263672
1.1292130947113037
1.1316978931427002
1.134498119354248
1.2587370872497559
1.2750120162963867
1.2814159393310547
1.2960669994354248
1.305128812789917
1.5804479122161865
1.5985620021820068
1.741974115371704
2.615999937057495
3.0534799098968506
3.0586678981781006
3.062922954559326
3.0779621601104736
3.078004837036133
3.078348159790039
3.095690965652466
3.0967838764190674
3.0988290309906006
3.1000759601593018
3.102397918701172
3.1024529933929443
3.104228973388672
3.1290149688720703
3.1297659873962402
3.153078079223633
3.285181999206543
3.314023971557617
3.320582866668701
3.323428153991699
3.3561370372772217
3.3693811893463135
4.335862874984741
4.33768892288208
6.8654258251190186
7.026565790176392
7.0490758419036865
7.069859981536865
7.078349828720093
7.080227851867676
7.089318037033081
7.089984893798828
7.090624094009399
7.123459100723267
7.158689975738525
7.345470905303955
7.346280097961426
7.712702989578247
7.722774982452393
10.368360042572021
15.079556941986084
15.081504821777344
15.089936017990112
15.102828979492188
15.103921175003052
15.12915301322937
15.292990922927856
15.36965799331665
15.707597017288208
31.0848970413208
31.10690999031067
31.339035987854004
