0.038658857345581055
0.040083885192871094
0.046173095703125
0.047479867935180664
0.04794907569885254
0.048037052154541016
0.048358917236328125
0.04881596565246582
0.050390005111694336
0.05129694938659668
0.051319122314453125
0.053288936614990234
0.05533790588378906
0.056025028228759766
0.05783390998840332
0.05926918983459473
0.0596928596496582
0.05996394157409668
0.06061601638793945
0.06141781806945801
0.06194496154785156
0.06235194206237793
0.06263208389282227
0.06267595291137695
0.06275296211242676
0.06297516822814941
0.06434011459350586
0.06439781188964844
0.06546998023986816
0.06552004814147949
0.06656599044799805
0.06693100929260254
0.0676720142364502
0.0691990852355957
0.07064700126647949
0.07080411911010742
0.07121896743774414
0.07160115242004395
0.07236003875732422
0.0733499526977539
0.07440590858459473
0.07453703880310059
0.07548213005065918
0.0760641098022461
0.07649087905883789
0.0767049789428711
0.07677698135375977
0.07690000534057617
0.07734394073486328
0.07770109176635742
0.07944488525390625
0.08050799369812012
0.08238387107849121
0.08358502388000488
0.08509111404418945
0.08601593971252441
0.08603715896606445
0.08652305603027344
0.0870659351348877
0.08707189559936523
0.08818793296813965
0.08971500396728516
0.08982610702514648
0.0901479721069336
0.09054803848266602
0.09136795997619629
0.09156298637390137
0.09206891059875488
0.09238314628601074
0.09355020523071289
0.0939948558807373
0.09649395942687988
0.0969228744506836
0.09923195838928223
0.09998393058776855
0.1000220775604248
0.10158991813659668
0.1019749641418457
0.10495901107788086
0.10563421249389648
0.10574793815612793
0.10882687568664551
0.10957002639770508
0.11069297790527344
0.11123108863830566
0.11161184310913086
0.11165785789489746
0.11719322204589844
0.11890292167663574
0.11911916732788086
0.12357902526855469
0.12777304649353027
0.13987493515014648
0.1408698558807373
0.14136695861816406
0.14463210105895996
0.268848180770874
0.2766869068145752
0.30748701095581055
0.30902719497680664
0.323455810546875
0.32793092727661133
0.32972216606140137
0.3662559986114502
0.714249849319458
0.7447211742401123
0.7806119918823242
1.0407679080963135
1.041929006576538
1.0443267822265625
1.0464599132537842
1.0478360652923584
1.0509488582611084
1.059420108795166
1.0689709186553955
1.0704929828643799
1.0717248916625977
1.072601079940796
1.0728850364685059
1.075585126876831
1.0762648582458496
1.0797600746154785
1.0809519290924072
1.0842361450195312
1.0874550342559814
1.0877959728240967
1.0879929065704346
1.089346170425415
1.0935161113739014
1.0938029289245605
1.094508171081543
1.0974841117858887
1.1051850318908691
1.1055858135223389
1.1094870567321777
1.1161839962005615
1.1282949447631836
1.142374038696289
1.3384120464324951
1.615483045578003
1.7185781002044678
1.7284531593322754
1.7492859363555908
3.05776309967041
3.0655269622802734
3.074873924255371
3.0769739151000977
3.082706928253174
3.0830280780792236
3.0858099460601807
3.0858750343322754
3.1272311210632324
3.142534017562866
3.1827781200408936
3.200606107711792
3.2754108905792236
3.3620119094848633
3.3736720085144043
4.601273059844971
7.058363914489746
7.06654691696167
7.073105096817017
7.075921058654785
7.076607942581177
7.083268165588379
7.095524072647095
7.100744962692261
7.747132778167725
9.894776105880737
15.08076000213623
16.94032907485962
