0.003153085708618164
0.00609898567199707
0.010519027709960938
0.012737035751342773
0.01593184471130371
0.015933990478515625
0.01677393913269043
0.016888141632080078
0.017622947692871094
0.017837047576904297
0.017972946166992188
0.018212080001831055
0.0188138484954834
0.0188901424407959
0.018936872482299805
0.019218921661376953
0.01985001564025879
0.020236968994140625
0.020262956619262695
0.02051997184753418
0.02052783966064453
0.020728111267089844
0.020915985107421875
0.020917892456054688
0.021171092987060547
0.021383047103881836
0.021722078323364258
0.02174997329711914
0.021863937377929688
0.021879911422729492
0.021917104721069336
0.02194499969482422
0.02198195457458496
0.022037029266357422
0.022170066833496094
0.022301912307739258
0.022305011749267578
0.02231907844543457
0.022346019744873047
0.02235698699951172
0.02236199378967285
0.022374868392944336
0.022405147552490234
0.02240610122680664
0.022485971450805664
0.022587060928344727
0.0228118896484375
0.022818803787231445
0.022848844528198242
0.022861003875732422
0.022882938385009766
0.023203134536743164
0.02321910858154297
0.02327895164489746
0.023293018341064453
0.023459911346435547
0.023494958877563477
0.023586034774780273
0.023587942123413086
0.023602008819580078
0.02361297607421875
0.023648977279663086
0.023827075958251953
0.023828983306884766
0.02398991584777832
0.024100065231323242
0.024142980575561523
0.02416396141052246
0.024212121963500977
0.024280071258544922
0.024348020553588867
0.024396181106567383
0.02443718910217285
0.024491071701049805
0.024653196334838867
0.024684906005859375
0.02486896514892578
0.024909019470214844
0.025022029876708984
0.025272846221923828
0.02536320686340332
0.02538919448852539
0.02543020248413086
0.025457143783569336
0.025494098663330078
0.025523900985717773
0.025552988052368164
0.02555990219116211
0.025602102279663086
0.02561211585998535
0.025624990463256836
0.025630950927734375
0.025736093521118164
0.025806903839111328
0.02587103843688965
0.025964975357055664
0.026014089584350586
0.02605605125427246
0.026147127151489258
0.026237964630126953
0.02628612518310547
0.026369810104370117
0.026419878005981445
0.026440858840942383
0.0264739990234375
0.02649092674255371
0.026546955108642578
0.02662491798400879
0.02663588523864746
0.026669025421142578
0.026674985885620117
0.02679896354675293
0.026830196380615234
0.026851892471313477
0.026899099349975586
0.026926040649414062
0.026979923248291016
0.0270230770111084
0.027058839797973633
0.027162790298461914
0.027176856994628906
0.027245044708251953
0.027276039123535156
0.02737712860107422
0.027456998825073242
0.027579069137573242
0.027657032012939453
0.02768111228942871
0.027693986892700195
0.027732133865356445
0.027738094329833984
0.02775287628173828
0.027755022048950195
0.027809858322143555
0.0278780460357666
0.027957916259765625
0.027966022491455078
0.027980804443359375
0.027994155883789062
0.028234004974365234
0.028237104415893555
0.028250932693481445
0.02829289436340332
0.02831101417541504
0.028330087661743164
0.02837395668029785
0.028414011001586914
0.028460979461669922
0.028615951538085938
0.028633832931518555
0.028718948364257812
0.028736114501953125
0.02887105941772461
0.028909921646118164
0.028934001922607422
0.028944015502929688
0.02894902229309082
0.0289609432220459
0.028970003128051758
0.028970956802368164
0.028986215591430664
0.029018163681030273
0.029044151306152344
0.02913498878479004
0.02914285659790039
0.029226064682006836
0.02928900718688965
0.02932000160217285
0.029337167739868164
0.02935791015625
0.029371976852416992
0.029401063919067383
0.029421091079711914
0.029453039169311523
0.029455900192260742
0.029456138610839844
0.02945709228515625
0.02949810028076172
0.029534101486206055
0.029561996459960938
0.029650211334228516
0.029722929000854492
0.029738903045654297
0.029740095138549805
0.029757976531982422
0.029793977737426758
0.029843807220458984
0.02987813949584961
0.029880046844482422
0.02991199493408203
0.02991509437561035
0.02993607521057129
0.03007221221923828
0.030080795288085938
0.03019881248474121
0.030218839645385742
0.030267000198364258
0.030314922332763672
0.030330896377563477
0.030343055725097656
0.030413150787353516
0.030520915985107422
0.03058004379272461
0.030633926391601562
0.030639171600341797
0.030714035034179688
0.030718088150024414
0.03072810173034668
0.030783891677856445
0.030818939208984375
0.030820131301879883
0.030821800231933594
0.030824899673461914
0.03083205223083496
0.030932903289794922
0.030946016311645508
0.0309600830078125
0.030961990356445312
0.03099799156188965
0.031029939651489258
0.031042814254760742
0.031054973602294922
0.031152963638305664
0.031206130981445312
0.031230926513671875
0.03124213218688965
0.031323909759521484
0.03137612342834473
0.03140687942504883
0.03140902519226074
0.03149986267089844
0.031584978103637695
0.0316009521484375
0.03165292739868164
0.031774044036865234
0.031887054443359375
0.031957149505615234
0.032000064849853516
0.03201889991760254
0.03216695785522461
0.03219103813171387
0.03220009803771973
0.03225588798522949
0.032299041748046875
0.03231406211853027
0.03231692314147949
0.03232622146606445
0.0323488712310791
0.032356977462768555
0.03256797790527344
0.0327610969543457
0.03284192085266113
0.0328679084777832
0.03293204307556152
0.03298497200012207
0.03300809860229492
0.03300905227661133
0.033035993576049805
0.03305411338806152
0.03313088417053223
0.03321099281311035
0.0332179069519043
0.03323101997375488
0.03329181671142578
0.033342838287353516
0.033358097076416016
0.033406972885131836
0.03341102600097656
0.033453941345214844
0.033457040786743164
0.03347301483154297
0.03348207473754883
0.03350210189819336
0.03353095054626465
0.03353095054626465
0.03356790542602539
0.03356814384460449
0.03357505798339844
0.03359198570251465
0.033737897872924805
0.033740997314453125
0.033766984939575195
0.03381800651550293
0.033854007720947266
0.033921003341674805
0.033952951431274414
0.03398299217224121
0.033987998962402344
0.03400897979736328
0.0340118408203125
0.03402280807495117
0.03406810760498047
0.03412199020385742
0.0342249870300293
0.034230947494506836
0.03423118591308594
0.03441119194030762
0.03443098068237305
0.03450298309326172
0.0345158576965332
0.03451704978942871
0.03451895713806152
0.034538984298706055
0.03458094596862793
0.03464198112487793
0.03464698791503906
0.03466200828552246
0.0347440242767334
0.034761905670166016
0.03477907180786133
0.03479194641113281
0.03485894203186035
0.034876108169555664
0.03491497039794922
0.034995079040527344
0.03505396842956543
0.0350651741027832
0.035093069076538086
0.03512287139892578
0.03515005111694336
0.03527998924255371
0.03528714179992676
0.0353398323059082
0.03535199165344238
0.03542494773864746
0.03544116020202637
0.035466909408569336
0.03555703163146973
0.035717010498046875
0.035746097564697266
0.035807132720947266
0.03581094741821289
0.0358428955078125
0.0358579158782959
0.03592991828918457
0.03594708442687988
0.03601384162902832
0.03608584403991699
0.03611898422241211
0.03614497184753418
0.03617596626281738
0.036199092864990234
0.036221981048583984
0.03624916076660156
0.03625082969665527
0.036257028579711914
0.03625893592834473
0.03631591796875
0.03637504577636719
0.036376953125
0.03638792037963867
0.03643298149108887
0.03644895553588867
0.03647303581237793
0.03649497032165527
0.036557912826538086
0.036573171615600586
0.03659510612487793
0.03674507141113281
0.036782026290893555
0.0367889404296875
0.03683805465698242
0.03687906265258789
0.036897897720336914
0.03691291809082031
0.03691411018371582
0.036921024322509766
0.03695201873779297
0.03696107864379883
0.03697800636291504
0.03705787658691406
0.037097930908203125
0.03713798522949219
0.03717613220214844
0.03719282150268555
0.03726601600646973
0.03726792335510254
0.0372929573059082
0.037322998046875
0.03737282752990723
0.03742694854736328
0.03743100166320801
0.03743791580200195
0.03747200965881348
0.03749585151672363
0.03750205039978027
0.03750801086425781
0.03751397132873535
0.03754901885986328
0.037557125091552734
0.03762006759643555
0.03762388229370117
0.03763103485107422
0.037661075592041016
0.03770589828491211
0.03788495063781738
0.03791689872741699
0.03792905807495117
0.03802084922790527
0.03802800178527832
0.03832292556762695
0.03835320472717285
0.03838396072387695
0.03843212127685547
0.03844189643859863
0.03863787651062012
0.038639068603515625
0.038652896881103516
0.038720130920410156
0.038752079010009766
0.03879809379577637
0.038825035095214844
0.038839101791381836
0.038839101791381836
0.03884387016296387
0.03889799118041992
0.03890204429626465
0.03893613815307617
0.03901791572570801
0.03902411460876465
0.03902602195739746
0.03904414176940918
0.039045095443725586
0.03910207748413086
0.0391538143157959
0.03917503356933594
0.039234161376953125
0.03927016258239746
0.03929495811462402
0.039324045181274414
0.039344072341918945
0.03937697410583496
0.039407968521118164
0.039415836334228516
0.03942990303039551
0.03943300247192383
0.03947615623474121
0.03947710990905762
0.03949618339538574
0.03951287269592285
0.0395960807800293
0.03964495658874512
0.039649009704589844
0.03967714309692383
0.03973817825317383
0.03978610038757324
0.039826154708862305
0.03983783721923828
0.03986501693725586
0.03987002372741699
0.03988194465637207
0.039894819259643555
0.039917945861816406
0.0399320125579834
0.04010200500488281
0.04011702537536621
0.04012298583984375
0.04018902778625488
0.04027986526489258
0.04045701026916504
0.0404660701751709
0.040489912033081055
0.04050111770629883
0.0405278205871582
0.04058504104614258
0.04066014289855957
0.040673017501831055
0.04069399833679199
0.04070305824279785
0.04075503349304199
0.04082608222961426
0.04084300994873047
0.040862083435058594
0.04092001914978027
0.04092597961425781
0.04093503952026367
0.040940046310424805
0.04094815254211426
0.0410001277923584
0.041036128997802734
0.04106783866882324
0.04108095169067383
0.041090965270996094
0.04116415977478027
0.04123377799987793
0.041239023208618164
0.04129385948181152
0.041300058364868164
0.04130101203918457
0.04131603240966797
0.04132699966430664
0.04135298728942871
0.04137897491455078
0.0414729118347168
0.04154706001281738
0.04158592224121094
0.041651010513305664
0.04166388511657715
0.0417330265045166
0.041890859603881836
0.041903018951416016
0.04193997383117676
0.04199099540710449
0.042047977447509766
0.04214000701904297
0.04214906692504883
0.042201995849609375
0.04221391677856445
0.04222297668457031
0.04229402542114258
0.04231691360473633
0.04236006736755371
0.042449951171875
0.04254508018493652
0.042574167251586914
0.04268789291381836
0.04272198677062988
0.042768001556396484
0.04278302192687988
0.0428159236907959
0.04284811019897461
0.042851924896240234
0.04291415214538574
0.04291415214538574
0.04291510581970215
0.04294395446777344
0.04298090934753418
0.04299592971801758
0.04301190376281738
0.0430757999420166
0.043077945709228516
0.04310202598571777
0.04310202598571777
0.043251991271972656
0.04332399368286133
0.04339194297790527
0.04341602325439453
0.04346013069152832
0.04356098175048828
0.04361605644226074
0.04362988471984863
0.043653011322021484
0.04369211196899414
0.04370713233947754
0.04377913475036621
0.04380202293395996
0.043827056884765625
0.0438380241394043
0.04392504692077637
0.04394984245300293
0.04396390914916992
0.04397702217102051
0.044030189514160156
0.04417300224304199
0.04418802261352539
0.04419302940368652
0.04419708251953125
0.04422807693481445
0.04428815841674805
0.044300079345703125
0.044302940368652344
0.04432821273803711
0.04435396194458008
0.04438614845275879
0.04447484016418457
0.04455900192260742
0.04478001594543457
0.04479503631591797
0.04481387138366699
0.04483509063720703
0.0448918342590332
0.04490303993225098
0.04491400718688965
0.0449371337890625
0.04495406150817871
0.04499506950378418
0.045024871826171875
0.045124053955078125
0.045124053955078125
0.04517984390258789
0.04520416259765625
0.04522395133972168
0.045224905014038086
0.04526495933532715
0.045269012451171875
0.04527902603149414
0.04532885551452637
0.04554319381713867
0.04558992385864258
0.045638084411621094
0.045680999755859375
0.04569697380065918
0.04569697380065918
0.0457000732421875
0.0457911491394043
0.04593515396118164
0.046015024185180664
0.046057939529418945
0.04609394073486328
0.0462038516998291
0.046218156814575195
0.04628300666809082
0.04633784294128418
0.046343088150024414
0.04639792442321777
0.046460866928100586
0.04648780822753906
0.04652118682861328
0.04653000831604004
0.04657793045043945
0.04658818244934082
0.04664897918701172
0.046875
0.04697990417480469
0.04698681831359863
0.04700493812561035
0.04701399803161621
0.0471189022064209
0.04712200164794922
0.04723501205444336
0.04724001884460449
0.047250986099243164
0.04725193977355957
0.0472559928894043
0.04726696014404297
0.0473480224609375
0.0473780632019043
0.047396183013916016
0.04739880561828613
0.04740309715270996
0.04743003845214844
0.047445058822631836
0.04747295379638672
0.04749298095703125
0.04758501052856445
0.04759097099304199
0.0475921630859375
0.04764103889465332
0.04764389991760254
0.04767489433288574
0.047740936279296875
0.04775595664978027
0.04775691032409668
0.0477910041809082
0.04782414436340332
0.047869205474853516
0.04787898063659668
0.0478818416595459
0.04794907569885254
0.04802203178405762
0.04803109169006348
0.04804515838623047
0.04809904098510742
0.04809999465942383
0.048104047775268555
0.0481259822845459
0.0482478141784668
0.048317909240722656
0.04832887649536133
0.04836702346801758
0.04845690727233887
0.04852795600891113
0.04853320121765137
0.048544883728027344
0.04860091209411621
0.04860711097717285
0.048645973205566406
0.04867887496948242
0.04885411262512207
0.04897308349609375
0.04901003837585449
0.04904317855834961
0.0490570068359375
0.049070119857788086
0.04912614822387695
0.04914999008178711
0.049176931381225586
0.049256086349487305
0.04928016662597656
0.049302101135253906
0.04930400848388672
0.04932999610900879
0.04935097694396973
0.04955101013183594
0.04969906806945801
0.04976296424865723
0.0498509407043457
0.04985404014587402
0.04986000061035156
0.04986310005187988
0.049870967864990234
0.04989194869995117
0.04993581771850586
0.04993915557861328
0.04994606971740723
0.04995584487915039
0.04996013641357422
0.04996490478515625
0.04996609687805176
0.04996800422668457
0.04998898506164551
0.05006694793701172
0.05015707015991211
0.050158023834228516
0.05028891563415527
0.05038118362426758
0.05040287971496582
0.050412893295288086
0.05043387413024902
0.05046987533569336
0.05047106742858887
0.05049896240234375
0.05058789253234863
0.050727128982543945
0.05080294609069824
0.05089879035949707
0.05094408988952637
0.050946950912475586
0.0509490966796875
0.05095505714416504
0.05102086067199707
0.05103421211242676
0.05104804039001465
0.05107307434082031
0.051097869873046875
0.0511469841003418
0.051152944564819336
0.051206111907958984
0.05121898651123047
0.05122709274291992
0.051242828369140625
0.05125308036804199
0.05129504203796387
0.05130195617675781
0.05131793022155762
0.051319122314453125
0.05140399932861328
0.05142092704772949
0.05142807960510254
0.05144095420837402
0.05147695541381836
0.051503896713256836
0.05153679847717285
0.05161404609680176
0.05162215232849121
0.051733970642089844
0.051744937896728516
0.05177497863769531
0.0517878532409668
0.05179309844970703
0.0518040657043457
0.051927804946899414
0.0519869327545166
0.0520169734954834
0.05204296112060547
0.052052974700927734
0.052108049392700195
0.05223417282104492
0.052256107330322266
0.05233120918273926
0.052351951599121094
0.05238223075866699
0.05239701271057129
0.0524439811706543
0.05255603790283203
0.05256485939025879
0.05257892608642578
0.052594900131225586
0.05262017250061035
0.05262494087219238
0.052668094635009766
0.05269813537597656
0.052757978439331055
0.0527651309967041
0.05279397964477539
0.05279397964477539
0.05280804634094238
0.052826881408691406
0.05284595489501953
0.052896976470947266
0.052896976470947266
0.05292487144470215
0.0529329776763916
0.05293989181518555
0.052973031997680664
0.052976131439208984
0.05298495292663574
0.05299997329711914
0.05300402641296387
0.05306196212768555
0.053106069564819336
0.05315899848937988
0.05320286750793457
0.05323195457458496
0.053234100341796875
0.05325603485107422
0.053256988525390625
0.053260087966918945
0.05326509475708008
0.05332493782043457
0.05333590507507324
0.05336403846740723
0.053372859954833984
0.05345916748046875
0.05351090431213379
0.053533077239990234
0.05355978012084961
0.05356287956237793
0.05358600616455078
0.053604841232299805
0.05375194549560547
0.053772926330566406
0.0537869930267334
0.05382704734802246
0.053836822509765625
0.05387997627258301
0.05395913124084473
0.053967952728271484
0.054075002670288086
0.05408787727355957
0.05408811569213867
0.054112911224365234
0.05421304702758789
0.0542149543762207
0.05423784255981445
0.05424189567565918
0.05431103706359863
0.05431199073791504
0.05433988571166992
0.05438804626464844
0.054388999938964844
0.054476022720336914
0.05450892448425293
0.05452919006347656
0.05457711219787598
0.05461907386779785
0.054619789123535156
0.05471491813659668
0.05475592613220215
0.054769039154052734
0.054815053939819336
0.05482912063598633
0.054872989654541016
0.05487394332885742
0.05488109588623047
0.05491304397583008
0.05494189262390137
0.05497288703918457
0.05500197410583496
0.05501699447631836
0.05511188507080078
0.055338144302368164
0.05534982681274414
0.05538797378540039
0.05549001693725586
0.055500030517578125
0.05555081367492676
0.055605173110961914
0.05565690994262695
0.05569601058959961
0.05577492713928223
0.05578804016113281
0.05584096908569336
0.055869102478027344
0.05598282814025879
0.056054115295410156
0.056156158447265625
0.056157827377319336
0.05621600151062012
0.056268930435180664
0.05627799034118652
0.056389808654785156
0.05642104148864746
0.05648398399353027
0.05648398399353027
0.056509971618652344
0.05654096603393555
0.05672311782836914
0.05679583549499512
0.05683302879333496
0.056887149810791016
0.05695509910583496
0.05697798728942871
0.05699801445007324
0.05713605880737305
0.05720806121826172
0.057221174240112305
0.057633161544799805
0.057684898376464844
0.05772089958190918
0.057721853256225586
0.05779695510864258
0.05792808532714844
0.0580599308013916
0.0580601692199707
0.05812406539916992
0.05817890167236328
0.05820512771606445
0.05826878547668457
0.05836200714111328
0.05837416648864746
0.058470964431762695
0.05896282196044922
0.05897188186645508
0.058972835540771484
0.05919504165649414
0.05921292304992676
0.05922079086303711
0.059252023696899414
0.05927610397338867
0.059381961822509766
0.0594940185546875
0.05950021743774414
0.05951809883117676
0.05952811241149902
0.059619903564453125
0.05966496467590332
0.05969381332397461
0.05975818634033203
0.05978107452392578
0.059786081314086914
0.05980515480041504
0.0599360466003418
0.06015515327453613
0.06018686294555664
0.06022787094116211
0.060243844985961914
0.06026101112365723
0.06028604507446289
0.06038498878479004
0.060472965240478516
0.06059002876281738
0.06060314178466797
0.06064200401306152
0.06118297576904297
0.06125307083129883
0.061264991760253906
0.06174206733703613
0.061875104904174805
0.061897993087768555
0.0619359016418457
0.06198716163635254
0.06212496757507324
0.0621800422668457
0.06256604194641113
0.06268095970153809
0.06293201446533203
0.06297016143798828
0.06307601928710938
0.06319403648376465
0.06323099136352539
0.06328606605529785
0.06373095512390137
0.06398892402648926
0.06401515007019043
0.06405496597290039
0.06418704986572266
0.06439518928527832
0.06450700759887695
0.06514477729797363
0.06549715995788574
0.06553912162780762
0.06554317474365234
0.06560587882995605
0.06566500663757324
0.06582903861999512
0.0659170150756836
0.06595301628112793
0.06656813621520996
0.0666658878326416
0.06701803207397461
0.06739091873168945
0.06746697425842285
0.06747102737426758
0.06757807731628418
0.06766104698181152
0.06767106056213379
0.06780195236206055
0.06843400001525879
0.06886792182922363
0.06913900375366211
0.06954813003540039
0.0699009895324707
0.07003092765808105
0.07023000717163086
0.070281982421875
0.07029414176940918
0.07091808319091797
0.07120919227600098
0.07122516632080078
0.07197093963623047
0.07264208793640137
0.07299017906188965
0.07303905487060547
0.07382702827453613
0.07401919364929199
0.07413291931152344
0.07522916793823242
0.07526707649230957
0.07582402229309082
0.07595610618591309
0.07681608200073242
0.07694101333618164
0.07714605331420898
0.07759594917297363
0.07780694961547852
0.07881498336791992
0.07964396476745605
0.07984280586242676
0.08047699928283691
0.08112502098083496
0.0820610523223877
0.08258199691772461
0.08342719078063965
0.08369898796081543
0.08423495292663574
0.08490395545959473
0.08690810203552246
0.08850407600402832
0.08869600296020508
0.08979105949401855
0.09526586532592773
0.09793305397033691
0.22228312492370605
0.23600387573242188
0.2383270263671875
0.2428891658782959
0.24409890174865723
0.24547100067138672
0.24594497680664062
0.24606800079345703
0.24871182441711426
0.24969005584716797
0.24984192848205566
0.2506411075592041
0.2511460781097412
0.253371000289917
0.25514888763427734
0.25659608840942383
0.256939172744751
0.2584068775177002
0.25846409797668457
0.26005983352661133
0.2604708671569824
0.2609720230102539
0.2610630989074707
0.26132798194885254
0.2614099979400635
0.26200199127197266
0.26323699951171875
0.26331186294555664
0.2634150981903076
0.2637660503387451
0.2653532028198242
0.2653820514678955
0.2658529281616211
0.26688504219055176
0.26764607429504395
0.26854395866394043
0.2689380645751953
0.2695620059967041
0.270435094833374
0.2709920406341553
0.2714080810546875
0.27214813232421875
0.2729201316833496
0.275860071182251
0.27610301971435547
0.2798459529876709
0.2864260673522949
0.29070186614990234
0.29103708267211914
0.29111409187316895
0.29869890213012695
0.6690449714660645
0.6744730472564697
0.6810550689697266
0.6850218772888184
0.6874101161956787
0.6960959434509277
0.7025108337402344
0.7031710147857666
0.7290859222412109
1.002579927444458
1.0070269107818604
1.0128469467163086
1.0165910720825195
1.018052101135254
1.018367052078247
1.0239989757537842
1.0241079330444336
1.0256669521331787
1.0259590148925781
1.0260491371154785
1.0276238918304443
1.0276591777801514
1.0293400287628174
1.029987096786499
1.0302720069885254
1.030466079711914
1.0310659408569336
1.0311989784240723
1.0319089889526367
1.032325029373169
1.032538890838623
1.0329248905181885
1.0330629348754883
1.0339620113372803
1.034095048904419
1.0344820022583008
1.034548044204712
1.034585952758789
1.0356228351593018
1.0359151363372803
1.0369610786437988
1.038078784942627
1.0382258892059326
1.0382540225982666
1.0385551452636719
1.0388009548187256
1.0390100479125977
1.0390689373016357
1.039201021194458
1.0396370887756348
1.0397908687591553
1.03985595703125
1.040132999420166
1.0403149127960205
1.0406479835510254
1.0408189296722412
1.0410559177398682
1.0412170886993408
1.0414860248565674
1.041550874710083
1.0416481494903564
1.0417449474334717
1.0418100357055664
1.0422959327697754
1.0424351692199707
1.0434410572052002
1.0435740947723389
1.0441720485687256
1.0460197925567627
1.0460410118103027
1.0461108684539795
1.0463459491729736
1.0466530323028564
1.0469460487365723
1.0471420288085938
1.0471460819244385
1.0473639965057373
1.0476131439208984
1.0476181507110596
1.04780912399292
1.0479700565338135
1.0480990409851074
1.0481200218200684
1.048231840133667
1.0486600399017334
1.0488309860229492
1.0492079257965088
1.0494630336761475
1.0496611595153809
1.0504159927368164
1.0504391193389893
1.0517289638519287
1.0522849559783936
1.0526628494262695
1.0530240535736084
1.053030014038086
1.0530500411987305
1.053131103515625
1.053257942199707
1.0533549785614014
1.0537559986114502
1.0539839267730713
1.0540130138397217
1.054090976715088
1.0541391372680664
1.0542659759521484
1.054283857345581
1.0543091297149658
1.054382085800171
1.054490089416504
1.054793119430542
1.0552020072937012
1.055326223373413
1.0559630393981934
1.056239128112793
1.0565519332885742
1.056920051574707
1.0571789741516113
1.0572140216827393
1.057398796081543
1.0579109191894531
1.0579700469970703
1.0584630966186523
1.061309814453125
1.0622129440307617
1.0625600814819336
1.0625720024108887
1.0641489028930664
1.0700709819793701
1.0704059600830078
1.0710821151733398
1.0718390941619873
1.072803020477295
1.0730340480804443
1.0765788555145264
1.0798790454864502
1.0799970626831055
1.2469358444213867
1.248250961303711
1.2519259452819824
1.255695104598999
1.257270097732544
1.2656688690185547
1.2669000625610352
1.2704689502716064
1.2709290981292725
1.2715821266174316
1.2730839252471924
1.2775561809539795
1.2805249691009521
1.2979669570922852
1.306593894958496
1.6065549850463867
1.674320936203003
3.0200560092926025
3.02154803276062
3.0274038314819336
3.030557155609131
3.0327768325805664
3.0361618995666504
3.0370981693267822
3.0373032093048096
3.0391290187835693
3.0486819744110107
3.056056022644043
3.0564708709716797
3.2830638885498047
3.3056371212005615
3.3058969974517822
7.0289130210876465
7.04249906539917
7.054310083389282
7.05510401725769
7.259788990020752
