0.002708911895751953
0.006089925765991211
0.007214069366455078
0.007910013198852539
0.008352041244506836
0.009055137634277344
0.00905609130859375
0.009397029876708984
0.01199197769165039
0.012143850326538086
0.012411117553710938
0.013226985931396484
0.01325082778930664
0.013561010360717773
0.014323949813842773
0.014755010604858398
0.015002012252807617
0.015061140060424805
0.01523280143737793
0.015306949615478516
0.01579904556274414
0.016208171844482422
0.016288042068481445
0.016387939453125
0.016453981399536133
0.016705036163330078
0.016730070114135742
0.016768932342529297
0.016804933547973633
0.016813993453979492
0.01684093475341797
0.01689600944519043
0.016936063766479492
0.017018795013427734
0.017135143280029297
0.01715707778930664
0.017173051834106445
0.0171811580657959
0.017197132110595703
0.017414093017578125
0.017454147338867188
0.01747894287109375
0.017489910125732422
0.017609834671020508
0.017628192901611328
0.017745018005371094
0.017875194549560547
0.018088102340698242
0.018318891525268555
0.018339872360229492
0.01850414276123047
0.018512964248657227
0.018700122833251953
0.018741130828857422
0.018831968307495117
0.018832921981811523
0.01884913444519043
0.01890397071838379
0.018959999084472656
0.019049882888793945
0.019078969955444336
0.01923990249633789
0.01924419403076172
0.019398927688598633
0.019485950469970703
0.019520998001098633
0.019556045532226562
0.01955699920654297
0.01956796646118164
0.019695043563842773
0.01971602439880371
0.0197601318359375
0.019836902618408203
0.020043134689331055
0.020045995712280273
0.020064115524291992
0.02007007598876953
0.02012801170349121
0.020181894302368164
0.02027606964111328
0.020296096801757812
0.020299911499023438
0.020308971405029297
0.02039504051208496
0.020470142364501953
0.020579099655151367
0.020622968673706055
0.020670175552368164
0.020681142807006836
0.020807981491088867
0.02081012725830078
0.020817995071411133
0.020895004272460938
0.020895957946777344
0.020910978317260742
0.020912885665893555
0.020994186401367188
0.021021127700805664
0.021107912063598633
0.021151065826416016
0.021158933639526367
0.021193981170654297
0.021265029907226562
0.021297931671142578
0.02134084701538086
0.02134108543395996
0.0214078426361084
0.021419048309326172
0.021526098251342773
0.0215609073638916
0.021586894989013672
0.02159404754638672
0.021625041961669922
0.021661043167114258
0.021743059158325195
0.021770000457763672
0.021856069564819336
0.021872997283935547
0.02189493179321289
0.021899938583374023
0.021903038024902344
0.021979093551635742
0.021996021270751953
0.022076845169067383
0.022088050842285156
0.022109031677246094
0.022120952606201172
0.022125959396362305
0.022156953811645508
0.02218794822692871
0.022197961807250977
0.022239208221435547
0.022298097610473633
0.022310972213745117
0.022330045700073242
0.022343158721923828
0.022369861602783203
0.02237105369567871
0.022417068481445312
0.02245616912841797
0.022470951080322266
0.022480010986328125
0.022538185119628906
0.022567033767700195
0.022603988647460938
0.022676944732666016
0.022789955139160156
0.022816896438598633
0.022825002670288086
0.022835969924926758
0.022851943969726562
0.022855043411254883
0.022977113723754883
0.022996902465820312
0.023008108139038086
0.023055076599121094
0.02307891845703125
0.023096084594726562
0.023111820220947266
0.023118972778320312
0.023130178451538086
0.023144960403442383
0.023174047470092773
0.023174047470092773
0.023236989974975586
0.02324199676513672
0.02324509620666504
0.023280858993530273
0.023361921310424805
0.02336716651916504
0.023373126983642578
0.023381948471069336
0.023398876190185547
0.02344489097595215
0.023585081100463867
0.023617982864379883
0.023643970489501953
0.023648977279663086
0.023651123046875
0.02367877960205078
0.02370595932006836
0.023746013641357422
0.023759126663208008
0.023791790008544922
0.02381300926208496
0.023820161819458008
0.02386617660522461
0.023874998092651367
0.02390909194946289
0.02390909194946289
0.02393484115600586
0.023941993713378906
0.023955106735229492
0.02397608757019043
0.02398085594177246
0.02399897575378418
0.02402019500732422
0.02403998374938965
0.024055004119873047
0.0240631103515625
0.024072885513305664
0.024077892303466797
0.024092912673950195
0.0241239070892334
0.024169921875
0.024209022521972656
0.02426004409790039
0.024261951446533203
0.02428603172302246
0.024340152740478516
0.024341106414794922
0.02434992790222168
0.024366140365600586
0.024367094039916992
0.024377107620239258
0.024393081665039062
0.024411916732788086
0.02442193031311035
0.02442789077758789
0.024435997009277344
0.024460792541503906
0.024470090866088867
0.024523019790649414
0.02454686164855957
0.02455592155456543
0.02472376823425293
0.02472400665283203
0.024731159210205078
0.024755001068115234
0.024814128875732422
0.024837970733642578
0.024856090545654297
0.024896860122680664
0.024904966354370117
0.02491593360900879
0.024916887283325195
0.024922847747802734
0.02493000030517578
0.02494215965270996
0.02494978904724121
0.024999141693115234
0.025007009506225586
0.02503800392150879
0.025063037872314453
0.025146007537841797
0.02515411376953125
0.025158166885375977
0.025174856185913086
0.025176048278808594
0.02518486976623535
0.025197982788085938
0.02521991729736328
0.025225162506103516
0.02523016929626465
0.025251150131225586
0.02527594566345215
0.025293827056884766
0.025295019149780273
0.025331974029541016
0.02534008026123047
0.025431156158447266
0.02543497085571289
0.0254669189453125
0.025470972061157227
0.025490999221801758
0.025523900985717773
0.025527000427246094
0.025532007217407227
0.025544166564941406
0.02556300163269043
0.025647878646850586
0.025654077529907227
0.02566695213317871
0.025688886642456055
0.02570796012878418
0.025709867477416992
0.025715112686157227
0.025732994079589844
0.02576589584350586
0.025777816772460938
0.02581787109375
0.025823116302490234
0.025933027267456055
0.025933027267456055
0.025938987731933594
0.025957822799682617
0.025973796844482422
0.025973796844482422
0.025982141494750977
0.025992155075073242
0.0260469913482666
0.02607417106628418
0.02609992027282715
0.02613210678100586
0.02615189552307129
0.026159048080444336
0.026189804077148438
0.026190996170043945
0.026241064071655273
0.026256799697875977
0.026257038116455078
0.026332855224609375
0.02633500099182129
0.026362895965576172
0.026371002197265625
0.026398897171020508
0.026443004608154297
0.02645421028137207
0.026473045349121094
0.0264890193939209
0.026534080505371094
0.026567935943603516
0.026571035385131836
0.02657604217529297
0.026672840118408203
0.026727914810180664
0.026731014251708984
0.026771068572998047
0.0267789363861084
0.026790142059326172
0.026792049407958984
0.026794910430908203
0.02680206298828125
0.026813983917236328
0.026816129684448242
0.026818037033081055
0.026824951171875
0.026834964752197266
0.02687215805053711
0.026906967163085938
0.026907920837402344
0.026911020278930664
0.026914119720458984
0.026940107345581055
0.02696704864501953
0.02698993682861328
0.026998043060302734
0.02699899673461914
0.027004003524780273
0.027025222778320312
0.02704000473022461
0.027045011520385742
0.02705693244934082
0.027065038681030273
0.02708601951599121
0.027107954025268555
0.027123212814331055
0.027135133743286133
0.02717900276184082
0.027227163314819336
0.027265071868896484
0.02731013298034668
0.027320146560668945
0.027369976043701172
0.027418851852416992
0.027453184127807617
0.027456998825073242
0.027471065521240234
0.027493000030517578
0.02749490737915039
0.027523040771484375
0.027578115463256836
0.027579784393310547
0.027601003646850586
0.02763509750366211
0.027642011642456055
0.027657032012939453
0.02771615982055664
0.02774190902709961
0.02776813507080078
0.027783870697021484
0.027797937393188477
0.027816057205200195
0.027821063995361328
0.027830123901367188
0.02786111831665039
0.027942895889282227
0.027945995330810547
0.02797102928161621
0.02798008918762207
0.027985811233520508
0.028007984161376953
0.02800893783569336
0.028019189834594727
0.028044939041137695
0.02805614471435547
0.02807784080505371
0.028138160705566406
0.02817988395690918
0.02818012237548828
0.0281829833984375
0.028190135955810547
0.02820897102355957
0.028229951858520508
0.028275012969970703
0.028276920318603516
0.028302907943725586
0.02836894989013672
0.0284121036529541
0.02842116355895996
0.028448104858398438
0.02845907211303711
0.028471946716308594
0.02851104736328125
0.028523921966552734
0.028527021408081055
0.0285341739654541
0.02853989601135254
0.028551101684570312
0.028576135635375977
0.0286099910736084
0.028614044189453125
0.02861809730529785
0.028626203536987305
0.028634071350097656
0.0286409854888916
0.028667211532592773
0.02867913246154785
0.028722047805786133
0.028749942779541016
0.028769969940185547
0.028774023056030273
0.028791189193725586
0.02880382537841797
0.0288388729095459
0.028840065002441406
0.02886199951171875
0.028867006301879883
0.028889179229736328
0.028900146484375
0.02890300750732422
0.028907060623168945
0.028929948806762695
0.028929948806762695
0.028962135314941406
0.028964996337890625
0.02897500991821289
0.029009103775024414
0.029011011123657227
0.029022932052612305
0.029046058654785156
0.029056072235107422
0.029083967208862305
0.029087066650390625
0.029108047485351562
0.029111146926879883
0.029119014739990234
0.029150009155273438
0.02915477752685547
0.029167890548706055
0.029174089431762695
0.02918696403503418
0.029193878173828125
0.0292208194732666
0.029232025146484375
0.02923893928527832
0.02924513816833496
0.0292510986328125
0.029268980026245117
0.029269933700561523
0.029309988021850586
0.029361963272094727
0.029391050338745117
0.029442787170410156
0.029449939727783203
0.029465913772583008
0.029475927352905273
0.02947998046875
0.02948284149169922
0.02948307991027832
0.02950906753540039
0.02956390380859375
0.029575109481811523
0.02960515022277832
0.029608964920043945
0.02965092658996582
0.029672861099243164
0.02969193458557129
0.029693126678466797
0.02969503402709961
0.029701948165893555
0.02970290184020996
0.02971506118774414
0.029742002487182617
0.02974414825439453
0.029768943786621094
0.02977299690246582
0.029773950576782227
0.02980494499206543
0.029846906661987305
0.02984905242919922
0.029850006103515625
0.029890060424804688
0.02990102767944336
0.02991008758544922
0.02991795539855957
0.029963016510009766
0.029963970184326172
0.02997589111328125
0.02997612953186035
0.029990196228027344
0.02999711036682129
0.030018091201782227
0.030044078826904297
0.030050992965698242
0.030071020126342773
0.03007817268371582
0.030092954635620117
0.03009796142578125
0.03010106086730957
0.03011918067932129
0.030158042907714844
0.030174970626831055
0.03022599220275879
0.030263185501098633
0.030267953872680664
0.030272960662841797
0.030272960662841797
0.03027510643005371
0.030296802520751953
0.030351877212524414
0.030367136001586914
0.030369043350219727
0.0303800106048584
0.03038191795349121
0.030385971069335938
0.030400991439819336
0.030421018600463867
0.030431032180786133
0.030511140823364258
0.030512094497680664
0.030525922775268555
0.030534029006958008
0.030550003051757812
0.03058314323425293
0.03060293197631836
0.030609846115112305
0.030620813369750977
0.03062891960144043
0.03064107894897461
0.030647993087768555
0.030652999877929688
0.030655860900878906
0.030666112899780273
0.03068399429321289
0.030764102935791016
0.03081798553466797
0.030822038650512695
0.030846118927001953
0.03086996078491211
0.030898094177246094
0.030928850173950195
0.030933141708374023
0.030937910079956055
0.03094196319580078
0.030948877334594727
0.030956029891967773
0.031068086624145508
0.031086206436157227
0.031091928482055664
0.031100034713745117
0.031100988388061523
0.031118154525756836
0.031121015548706055
0.0311429500579834
0.031165122985839844
0.031187057495117188
0.03119206428527832
0.03119683265686035
0.031222820281982422
0.03123307228088379
0.031238079071044922
0.031241178512573242
0.03127598762512207
0.0312800407409668
0.0312800407409668
0.03128504753112793
0.03129100799560547
0.03133201599121094
0.03133797645568848
0.03137993812561035
0.031432151794433594
0.031442880630493164
0.03150200843811035
0.0315089225769043
0.03155207633972168
0.031553030014038086
0.03155994415283203
0.03158998489379883
0.031594038009643555
0.03159594535827637
0.031607866287231445
0.03161191940307617
0.03161907196044922
0.03162097930908203
0.03162097930908203
0.03164100646972656
0.03165698051452637
0.031677961349487305
0.0317080020904541
0.031723976135253906
0.03173184394836426
0.03180503845214844
0.03180885314941406
0.03184103965759277
0.031865835189819336
0.031874895095825195
0.03187704086303711
0.0319209098815918
0.031929969787597656
0.03197002410888672
0.03199481964111328
0.03201413154602051
0.0321049690246582
0.03211688995361328
0.03211712837219238
0.032135963439941406
0.03214001655578613
0.03219199180603027
0.03219795227050781
0.0322108268737793
0.0322110652923584
0.03221583366394043
0.03222084045410156
0.032250165939331055
0.03228497505187988
0.032344818115234375
0.03234696388244629
0.03235793113708496
0.03237318992614746
0.0324249267578125
0.03243303298950195
0.032437801361083984
0.03244519233703613
0.03245210647583008
0.032456159591674805
0.03247714042663574
0.03249502182006836
0.03252410888671875
0.03255295753479004
0.03255510330200195
0.03255605697631836
0.0325620174407959
0.03259110450744629
0.03259587287902832
0.03267097473144531
0.03268003463745117
0.03274703025817871
0.03276395797729492
0.03280210494995117
0.03281378746032715
0.03281688690185547
0.03283286094665527
0.03284287452697754
0.0329289436340332
0.032965898513793945
0.03298807144165039
0.033006906509399414
0.03300809860229492
0.03301191329956055
0.0332179069519043
0.033241987228393555
0.03324413299560547
0.03325915336608887
0.03325986862182617
0.03328680992126465
0.03328895568847656
0.03330111503601074
0.03330802917480469
0.03333282470703125
0.03335905075073242
0.03339719772338867
0.03343701362609863
0.03346896171569824
0.03348112106323242
0.03348994255065918
0.033518075942993164
0.033576011657714844
0.033590078353881836
0.033598899841308594
0.03360915184020996
0.03361797332763672
0.03364205360412598
0.03366899490356445
0.033720970153808594
0.03372502326965332
0.03376007080078125
0.03384685516357422
0.03385591506958008
0.033911943435668945
0.03391718864440918
0.03395485877990723
0.033987998962402344
0.033989906311035156
0.03399085998535156
0.03399801254272461
0.03400301933288574
0.03400301933288574
0.0340268611907959
0.03403496742248535
0.034082889556884766
0.03409910202026367
0.034101009368896484
0.03410696983337402
0.03411602973937988
0.03414320945739746
0.03414797782897949
0.03417205810546875
0.034210920333862305
0.034242868423461914
0.03424811363220215
0.03427910804748535
0.03428006172180176
0.03429222106933594
0.0343022346496582
0.03430294990539551
0.03431510925292969
0.03433680534362793
0.03434896469116211
0.03434896469116211
0.03435182571411133
0.0343630313873291
0.03436994552612305
0.034379005432128906
0.03438615798950195
0.03439784049987793
0.03439903259277344
0.03444695472717285
0.034448862075805664
0.03446006774902344
0.034462928771972656
0.03449606895446777
0.034507036209106445
0.03452014923095703
0.03453516960144043
0.0345458984375
0.03455400466918945
0.03455615043640137
0.034564971923828125
0.03456711769104004
0.03456902503967285
0.03461098670959473
0.0346221923828125
0.03465008735656738
0.03469395637512207
0.03472495079040527
0.03474712371826172
0.034758806228637695
0.034800052642822266
0.03483104705810547
0.03483295440673828
0.03483414649963379
0.03483986854553223
0.03484702110290527
0.03484797477722168
0.034848928451538086
0.03485417366027832
0.03486895561218262
0.03488898277282715
0.034889936447143555
0.034922122955322266
0.034941911697387695
0.03496098518371582
0.0349729061126709
0.034973859786987305
0.034976959228515625
0.03498387336730957
0.03501105308532715
0.035016775131225586
0.03504490852355957
0.03504514694213867
0.03504514694213867
0.035089969635009766
0.03511500358581543
0.03516697883605957
0.03517603874206543
0.03522992134094238
0.035243988037109375
0.03525400161743164
0.03529500961303711
0.03529810905456543
0.03534412384033203
0.035418033599853516
0.03542518615722656
0.03542804718017578
0.03542804718017578
0.03544116020202637
0.035475969314575195
0.0355219841003418
0.035531044006347656
0.03553199768066406
0.035546064376831055
0.03555107116699219
0.03555107116699219
0.035555124282836914
0.035591840744018555
0.03564190864562988
0.03567814826965332
0.03568696975708008
0.03572487831115723
0.035733938217163086
0.03574204444885254
0.03574800491333008
0.03576302528381348
0.035813093185424805
0.03581404685974121
0.03588700294494629
0.03590893745422363
0.03591799736022949
0.035928964614868164
0.0359649658203125
0.03597903251647949
0.03600788116455078
0.03601694107055664
0.03602313995361328
0.03602910041809082
0.03604412078857422
0.03606104850769043
0.03607010841369629
0.0360870361328125
0.0360870361328125
0.03612089157104492
0.03615307807922363
0.03615522384643555
0.03616809844970703
0.03616809844970703
0.03618192672729492
0.03618192672729492
0.03618216514587402
0.036210060119628906
0.03622102737426758
0.03623485565185547
0.036242008209228516
0.036303043365478516
0.03634309768676758
0.03636288642883301
0.03636789321899414
0.036390066146850586
0.03640604019165039
0.03641009330749512
0.036459922790527344
0.03647494316101074
0.036509037017822266
0.03652811050415039
0.03657984733581543
0.0365908145904541
0.03660702705383301
0.036653995513916016
0.036683082580566406
0.03669404983520508
0.03669595718383789
0.03670310974121094
0.036705970764160156
0.03673887252807617
0.03675103187561035
0.03675413131713867
0.03676605224609375
0.03677105903625488
0.03679203987121582
0.036808013916015625
0.0368199348449707
0.03683614730834961
0.03683805465698242
0.03683900833129883
0.036840200424194336
0.036849021911621094
0.036859989166259766
0.03688693046569824
0.03689289093017578
0.03690791130065918
0.03691911697387695
0.03692007064819336
0.036950111389160156
0.03695392608642578
0.03696608543395996
0.03697514533996582
0.03702497482299805
0.03702998161315918
0.03705096244812012
0.037058115005493164
0.03707098960876465
0.037075042724609375
0.0370790958404541
0.037095069885253906
0.037110090255737305
0.03712105751037598
0.03712296485900879
0.037136077880859375
0.03714895248413086
0.0371549129486084
0.03717494010925293
0.03717684745788574
0.037194013595581055
0.037217140197753906
0.03722500801086426
0.0372309684753418
0.037232160568237305
0.03723311424255371
0.03728199005126953
0.037290096282958984
0.03731894493103027
0.037322044372558594
0.03732895851135254
0.03743290901184082
0.03745293617248535
0.037454843521118164
0.03745889663696289
0.03747916221618652
0.037506103515625
0.03752493858337402
0.037529945373535156
0.037539005279541016
0.03755807876586914
0.03756284713745117
0.03758406639099121
0.03758716583251953
0.0376129150390625
0.03761887550354004
0.03767895698547363
0.037683963775634766
0.03768491744995117
0.03769087791442871
0.037693023681640625
0.037750959396362305
0.03780794143676758
0.03781414031982422
0.037815093994140625
0.03784298896789551
0.03787803649902344
0.03788185119628906
0.03789091110229492
0.03791689872741699
0.037925004959106445
0.03793907165527344
0.037960052490234375
0.03797578811645508
0.03801393508911133
0.03803300857543945
0.03804516792297363
0.03805685043334961
0.03806304931640625
0.03811311721801758
0.03812217712402344
0.03818798065185547
0.038208961486816406
0.03822898864746094
0.03825187683105469
0.038285017013549805
0.03829193115234375
0.03830385208129883
0.03831601142883301
0.03843998908996582
0.03846883773803711
0.03849291801452637
0.038526058197021484
0.03854203224182129
0.03855109214782715
0.038609981536865234
0.0386199951171875
0.038630008697509766
0.038630008697509766
0.03868699073791504
0.03869295120239258
0.03870105743408203
0.038725852966308594
0.03872799873352051
0.03873586654663086
0.03878498077392578
0.038810014724731445
0.038861989974975586
0.03886699676513672
0.038886070251464844
0.03890109062194824
0.03892397880554199
0.03895211219787598
0.038960933685302734
0.03896188735961914
0.0390620231628418
0.03908801078796387
0.03909707069396973
0.03913688659667969
0.03917980194091797
0.03920412063598633
0.03921985626220703
0.03925800323486328
0.039324045181274414
0.039335012435913086
0.03933978080749512
0.03938794136047363
0.0393979549407959
0.039398908615112305
0.039407968521118164
0.0394139289855957
0.03948497772216797
0.03956294059753418
0.03960704803466797
0.039613962173461914
0.03961801528930664
0.03962588310241699
0.0396580696105957
0.03968405723571777
0.03969883918762207
0.03974103927612305
0.0397489070892334
0.03979611396789551
0.03979802131652832
0.03981804847717285
0.03982901573181152
0.03983497619628906
0.039849042892456055
0.03986191749572754
0.03987407684326172
0.0398869514465332
0.039914846420288086
0.04000091552734375
0.04003310203552246
0.040045976638793945
0.04012107849121094
0.040170907974243164
0.040199995040893555
0.040223121643066406
0.04025697708129883
0.04027295112609863
0.04027891159057617
0.040283918380737305
0.04029202461242676
0.040303945541381836
0.040328025817871094
0.04041481018066406
0.04049205780029297
0.040518999099731445
0.040521860122680664
0.04052901268005371
0.040550947189331055
0.04055500030517578
0.04057478904724121
0.04057717323303223
0.04058384895324707
0.04060506820678711
0.04064202308654785
0.04064607620239258
0.040663957595825195
0.040686845779418945
0.040704965591430664
0.04073190689086914
0.04081010818481445
0.040862083435058594
0.04086780548095703
0.040869951248168945
0.040872812271118164
0.040875911712646484
0.04090285301208496
0.040971994400024414
0.04100394248962402
0.041018009185791016
0.04103517532348633
0.04105091094970703
0.04105520248413086
0.04109811782836914
0.04115414619445801
0.04120993614196777
0.041229963302612305
0.04125714302062988
0.04128718376159668
0.041296958923339844
0.0413210391998291
0.0413360595703125
0.04136204719543457
0.041381120681762695
0.041404008865356445
0.04140806198120117
0.041417837142944336
0.04146695137023926
0.04147815704345703
0.04147982597351074
0.0414881706237793
0.04149794578552246
0.04151105880737305
0.041522979736328125
0.04154706001281738
0.041551828384399414
0.04155898094177246
0.04168200492858887
0.041708946228027344
0.04175209999084473
0.04176688194274902
0.04180502891540527
0.04180908203125
0.04182887077331543
0.041834115982055664
0.04183506965637207
0.04184889793395996
0.04186201095581055
0.04189705848693848
0.04189801216125488
0.041899919509887695
0.0419008731842041
0.041934967041015625
0.04195809364318848
0.04200100898742676
0.042101144790649414
0.042114973068237305
0.042176008224487305
0.04218101501464844
0.04222607612609863
0.042240142822265625
0.04224514961242676
0.04227590560913086
0.042291879653930664
0.04229402542114258
0.0422971248626709
0.04230999946594238
0.04239702224731445
0.042443037033081055
0.04246401786804199
0.04249906539916992
0.04252290725708008
0.042524099349975586
0.0426020622253418
0.042700767517089844
0.04271221160888672
0.04278278350830078
0.042793989181518555
0.04280805587768555
0.04281497001647949
0.04282116889953613
0.042838096618652344
0.0429229736328125
0.04292893409729004
0.042929887771606445
0.04297304153442383
0.042980194091796875
0.043003082275390625
0.04307913780212402
0.04314017295837402
0.04316282272338867
0.043167829513549805
0.04319310188293457
0.04319405555725098
0.04319500923156738
0.04321694374084473
0.04321908950805664
0.04323577880859375
0.043267011642456055
0.04333209991455078
0.04334402084350586
0.04334402084350586
0.043344974517822266
0.04340696334838867
0.04341888427734375
0.04342198371887207
0.04347395896911621
0.043478965759277344
0.043482065200805664
0.04352283477783203
0.04352307319641113
0.04352903366088867
0.04355311393737793
0.04356193542480469
0.04357123374938965
0.043580055236816406
0.04361605644226074
0.04362201690673828
0.04362797737121582
0.043630123138427734
0.0436861515045166
0.04370999336242676
0.04376792907714844
0.043814897537231445
0.043862104415893555
0.043866872787475586
0.04391908645629883
0.04392600059509277
0.043931007385253906
0.043953895568847656
0.043969154357910156
0.04398989677429199
0.04402804374694824
0.044068098068237305
0.044122934341430664
0.04414105415344238
0.044183969497680664
0.04424405097961426
0.04430508613586426
0.0443270206451416
0.04433107376098633
0.04433703422546387
0.04433798789978027
0.044341087341308594
0.04443097114562988
0.044441938400268555
0.04449796676635742
0.04455900192260742
0.04457402229309082
0.04458022117614746
0.04459190368652344
0.044612884521484375
0.04464101791381836
0.0446629524230957
0.04466414451599121
0.04469799995422363
0.04469919204711914
0.044718027114868164
0.044728994369506836
0.0447540283203125
0.04475903511047363
0.04478311538696289
0.04483294486999512
0.04485607147216797
0.04488182067871094
0.04490995407104492
0.04496407508850098
0.044985055923461914
0.04499697685241699
0.04504084587097168
0.04506683349609375
0.0450901985168457
0.04512619972229004
0.045220136642456055
0.04523110389709473
0.04530811309814453
0.04531502723693848
0.045358896255493164
0.045393943786621094
0.04540300369262695
0.045426130294799805
0.045465946197509766
0.0454869270324707
0.045523881912231445
0.0455629825592041
0.04557681083679199
0.04562187194824219
0.045684814453125
0.045690059661865234
0.045729875564575195
0.04579806327819824
0.04581403732299805
0.045847177505493164
0.045870065689086914
0.04589509963989258
0.04594588279724121
0.04596400260925293
0.046003103256225586
0.04600381851196289
0.04604005813598633
0.0460658073425293
0.04608511924743652
0.046092987060546875
0.0461277961730957
0.04613089561462402
0.04616093635559082
0.046163082122802734
0.04625892639160156
0.046259164810180664
0.0463259220123291
0.046341896057128906
0.04636383056640625
0.0464329719543457
0.04647994041442871
0.046499013900756836
0.04650402069091797
0.04653596878051758
0.046549081802368164
0.046614885330200195
0.04662895202636719
0.04666495323181152
0.04667186737060547
0.04667305946350098
0.04669904708862305
0.046723127365112305
0.04672813415527344
0.046813011169433594
0.04681992530822754
0.046829938888549805
0.0468599796295166
0.046861886978149414
0.04692387580871582
0.046987056732177734
0.04702401161193848
0.04705095291137695
0.04706287384033203
0.04707908630371094
0.047087907791137695
0.04709291458129883
0.04712390899658203
0.04718494415283203
0.0471959114074707
0.04722189903259277
0.04723405838012695
0.047248125076293945
0.04732108116149902
0.04735112190246582
0.04735708236694336
0.04735994338989258
0.047373056411743164
0.047419071197509766
0.04744315147399902
0.04746413230895996
0.04752302169799805
0.04754209518432617
0.04754304885864258
0.04759502410888672
0.047601938247680664
0.04760599136352539
0.047653913497924805
0.04765605926513672
0.047679901123046875
0.04769492149353027
0.04772019386291504
0.04773306846618652
0.04773306846618652
0.04773712158203125
0.047740936279296875
0.04778909683227539
0.047827959060668945
0.04784107208251953
0.047866106033325195
0.04789304733276367
0.04790091514587402
0.04790902137756348
0.04793286323547363
0.04793715476989746
0.0479741096496582
0.04798603057861328
0.04802703857421875
0.04812812805175781
0.04816389083862305
0.04819297790527344
0.04822206497192383
0.04822802543640137
0.0482480525970459
0.04830288887023926
0.0483090877532959
0.04833197593688965
0.048338890075683594
0.0483400821685791
0.0483551025390625
0.04842495918273926
0.04849505424499512
0.04850292205810547
0.04852414131164551
0.04853510856628418
0.0486149787902832
0.048632144927978516
0.048696041107177734
0.04878497123718262
0.048822879791259766
0.04882502555847168
0.048870086669921875
0.04889702796936035
0.0489201545715332
0.04897308349609375
0.04904508590698242
0.04904794692993164
0.049059152603149414
0.04906606674194336
0.04913496971130371
0.04914593696594238
0.0491480827331543
0.049176931381225586
0.04919290542602539
0.049204111099243164
0.04921913146972656
0.04924798011779785
0.0493159294128418
0.04933810234069824
0.04935503005981445
0.049432992935180664
0.04943704605102539
0.049481868743896484
0.04951000213623047
0.04964113235473633
0.04964399337768555
0.0496518611907959
0.04967999458312988
0.04974508285522461
0.04981088638305664
0.049833059310913086
0.04984116554260254
0.049841880798339844
0.04986882209777832
0.04988408088684082
0.04988884925842285
0.04993700981140137
0.049965858459472656
0.05000114440917969
0.05000805854797363
0.05005502700805664
0.05006599426269531
0.05007600784301758
0.0500941276550293
0.05010104179382324
0.050102949142456055
0.05010986328125
0.050119876861572266
0.05012798309326172
0.050137996673583984
0.05015087127685547
0.05016493797302246
0.05018806457519531
0.05019402503967285
0.05022883415222168
0.05026412010192871
0.05028104782104492
0.050286054611206055
0.05029296875
0.05030703544616699
0.05035901069641113
0.05040884017944336
0.050436973571777344
0.05055117607116699
0.05055689811706543
0.05055713653564453
0.050560951232910156
0.0505681037902832
0.05057692527770996
0.05059218406677246
0.05064201354980469
0.05064511299133301
0.05066490173339844
0.05070090293884277
0.05075383186340332
0.05075883865356445
0.05078291893005371
0.05081510543823242
0.050817012786865234
0.05082297325134277
0.05085587501525879
0.050894975662231445
0.0509028434753418
0.05090618133544922
0.05090904235839844
0.05112195014953613
0.051201820373535156
0.051210880279541016
0.051261186599731445
0.051264047622680664
0.051338911056518555
0.05146288871765137
0.05147409439086914
0.0515751838684082
0.051577091217041016
0.051611900329589844
0.051622867584228516
0.05165600776672363
0.051657915115356445
0.05174088478088379
0.05180692672729492
0.05180692672729492
0.05182194709777832
0.051880836486816406
0.05188918113708496
0.051985979080200195
0.05199599266052246
0.05200600624084473
0.052011966705322266
0.0520632266998291
0.052078962326049805
0.05211520195007324
0.05211687088012695
0.05212712287902832
0.05217599868774414
0.052220821380615234
0.05225086212158203
0.05225491523742676
0.05225992202758789
0.05229592323303223
0.0523381233215332
0.05238699913024902
0.05239105224609375
0.05240511894226074
0.052414894104003906
0.05241703987121582
0.052449941635131836
0.05246996879577637
0.05247187614440918
0.052472829818725586
0.05251502990722656
0.05252218246459961
0.05257987976074219
0.052584171295166016
0.05260300636291504
0.052757978439331055
0.05277204513549805
0.052822113037109375
0.052886962890625
0.052947998046875
0.05298900604248047
0.053117990493774414
0.05317497253417969
0.0531919002532959
0.053215980529785156
0.053247928619384766
0.05328702926635742
0.05331993103027344
0.053334951400756836
0.053349971771240234
0.053349971771240234
0.0533750057220459
0.053395986557006836
0.05340218544006348
0.053440093994140625
0.053485870361328125
0.05351114273071289
0.05359292030334473
0.0536341667175293
0.05363893508911133
0.053650856018066406
0.053652048110961914
0.05365395545959473
0.0536961555480957
0.05371713638305664
0.053772926330566406
0.05380821228027344
0.05389714241027832
0.0539088249206543
0.05393099784851074
0.05399608612060547
0.05399799346923828
0.05402684211730957
0.05403494834899902
0.054038047790527344
0.05406498908996582
0.05407094955444336
0.054103851318359375
0.054167985916137695
0.054171085357666016
0.05437183380126953
0.05439615249633789
0.05440998077392578
0.054414987564086914
0.05445098876953125
0.0545649528503418
0.05462002754211426
0.0546259880065918
0.054646968841552734
0.054669857025146484
0.054670095443725586
0.054778099060058594
0.05480599403381348
0.05489492416381836
0.05491209030151367
0.054913997650146484
0.0549168586730957
0.05499601364135742
0.055094003677368164
0.055117130279541016
0.05522799491882324
0.05528712272644043
0.05539894104003906
0.05541586875915527
0.05543804168701172
0.055474042892456055
0.05553889274597168
0.05565786361694336
0.05566692352294922
0.05568504333496094
0.05569005012512207
0.055726051330566406
0.05572700500488281
0.05574798583984375
0.05577206611633301
0.055792808532714844
0.05586099624633789
0.05586099624633789
0.05598092079162598
0.055991172790527344
0.056223154067993164
0.056292057037353516
0.05632901191711426
0.05636119842529297
0.056366920471191406
0.056416988372802734
0.0564420223236084
0.05650591850280762
0.056513071060180664
0.05654001235961914
0.05667996406555176
0.056730031967163086
0.05674886703491211
0.056757211685180664
0.056832075119018555
0.05685591697692871
0.0568699836730957
0.056880950927734375
0.05688309669494629
0.056886911392211914
0.056915998458862305
0.05691790580749512
0.056962013244628906
0.0570528507232666
0.05706787109375
0.05708789825439453
0.05711197853088379
0.0572199821472168
0.05728507041931152
0.05733084678649902
0.05734109878540039
0.057379961013793945
0.057409048080444336
0.05750107765197754
0.05755805969238281
0.05764508247375488
0.0576629638671875
0.05769610404968262
0.05775189399719238
0.05776381492614746
0.05778312683105469
0.05779314041137695
0.05780982971191406
0.05781197547912598
0.05790209770202637
0.05794715881347656
0.05797386169433594
0.05829787254333496
0.058300018310546875
0.05831098556518555
0.05832719802856445
0.05835413932800293
0.058470964431762695
0.05848097801208496
0.05848503112792969
0.058721065521240234
0.058728933334350586
0.05873703956604004
0.05878615379333496
0.058943986892700195
0.05896496772766113
0.059001922607421875
0.05900907516479492
0.05904698371887207
0.05907797813415527
0.059081077575683594
0.05908489227294922
0.059185028076171875
0.05922389030456543
0.05931711196899414
0.059355974197387695
0.05939984321594238
0.0594029426574707
0.05942702293395996
0.059442996978759766
0.05945110321044922
0.05951499938964844
0.05961179733276367
0.05968117713928223
0.059773921966552734
0.059941768646240234
0.06003594398498535
0.060108184814453125
0.0601959228515625
0.060257911682128906
0.060330867767333984
0.0603790283203125
0.06039619445800781
0.060400962829589844
0.0604400634765625
0.06046295166015625
0.06055784225463867
0.06062006950378418
0.06062602996826172
0.060723066329956055
0.060791015625
0.060832977294921875
0.06084895133972168
0.06109905242919922
0.061177968978881836
0.061437129974365234
0.0615081787109375
0.06157994270324707
0.06161308288574219
0.061666011810302734
0.06184196472167969
0.061881065368652344
0.061892032623291016
0.06201481819152832
0.0620269775390625
0.06203007698059082
0.062052011489868164
0.06211686134338379
0.06212186813354492
0.06216692924499512
0.062191009521484375
0.062191009521484375
0.06221890449523926
0.0623781681060791
0.06250214576721191
0.06251406669616699
0.06269097328186035
0.06270217895507812
0.06298518180847168
0.06324481964111328
0.06325602531433105
0.06327986717224121
0.06337285041809082
0.06351590156555176
0.06351590156555176
0.06352806091308594
0.06352806091308594
0.06372380256652832
0.06377601623535156
0.06377696990966797
0.06386399269104004
0.06391596794128418
0.06392383575439453
0.06393289566040039
0.0639810562133789
0.06399011611938477
0.06416201591491699
0.06418704986572266
0.06422901153564453
0.06426000595092773
0.06434917449951172
0.06438589096069336
0.06444883346557617
0.06446290016174316
0.06446290016174316
0.06454992294311523
0.06460690498352051
0.06480097770690918
0.06482386589050293
0.06485295295715332
0.06489801406860352
0.06493806838989258
0.06509613990783691
0.06514596939086914
0.0652608871459961
0.0656118392944336
0.06613898277282715
0.06628894805908203
0.06674504280090332
0.06684088706970215
0.06757283210754395
0.06758880615234375
0.06778192520141602
0.0679318904876709
0.06801605224609375
0.06836485862731934
0.0683739185333252
0.06849098205566406
0.0686030387878418
0.06861996650695801
0.0686960220336914
0.06882500648498535
0.06887388229370117
0.07053112983703613
0.0715939998626709
0.07172107696533203
0.07196998596191406
0.07197403907775879
0.07197785377502441
0.07224297523498535
0.07270479202270508
0.07432794570922852
0.0749349594116211
0.07546496391296387
0.07679510116577148
0.0774221420288086
0.07744407653808594
0.07755613327026367
0.07941389083862305
0.0796818733215332
0.07986783981323242
0.08040523529052734
0.0804891586303711
0.08084487915039062
0.08180999755859375
0.0822451114654541
0.08540701866149902
0.08573317527770996
0.08584713935852051
0.08602404594421387
0.08753514289855957
0.08916902542114258
0.0905148983001709
0.09090805053710938
0.21674108505249023
0.21965599060058594
0.22049379348754883
0.22534394264221191
0.22617077827453613
0.2263500690460205
0.22648978233337402
0.2285001277923584
0.22854304313659668
0.23060202598571777
0.23092007637023926
0.23135113716125488
0.2322101593017578
0.23411202430725098
0.2348170280456543
0.23483705520629883
0.2351977825164795
0.2358710765838623
0.23645687103271484
0.23730897903442383
0.23752093315124512
0.23780298233032227
0.2381899356842041
0.2389829158782959
0.23969197273254395
0.24028396606445312
0.2406778335571289
0.24108099937438965
0.24164795875549316
0.24200987815856934
0.242048978805542
0.24273920059204102
0.2430880069732666
0.2442481517791748
0.2447957992553711
0.24512505531311035
0.24545598030090332
0.24549412727355957
0.24563097953796387
0.24571895599365234
0.2461259365081787
0.24625396728515625
0.2463669776916504
0.2468090057373047
0.24704384803771973
0.24791407585144043
0.2481551170349121
0.24831604957580566
0.24839401245117188
0.24852895736694336
0.2489922046661377
0.2492389678955078
0.24941110610961914
0.2494981288909912
0.24952197074890137
0.24952316284179688
0.2498791217803955
0.24988579750061035
0.24996304512023926
0.2501530647277832
0.2503230571746826
0.2506101131439209
0.25110697746276855
0.2520170211791992
0.2523651123046875
0.25284314155578613
0.25327110290527344
0.2532939910888672
0.25340890884399414
0.25352001190185547
0.25359296798706055
0.25463390350341797
0.2547271251678467
0.2550048828125
0.2550528049468994
0.2551090717315674
0.25536489486694336
0.25537109375
0.25538110733032227
0.2557210922241211
0.2559390068054199
0.2560431957244873
0.25654006004333496
0.2568519115447998
0.257587194442749
0.2579340934753418
0.2582118511199951
0.2583150863647461
0.2585320472717285
0.2588009834289551
0.25908589363098145
0.25936317443847656
0.25939202308654785
0.26009607315063477
0.26042604446411133
0.26050615310668945
0.26090502738952637
0.2611110210418701
0.2613341808319092
0.26137208938598633
0.2640509605407715
0.2644519805908203
0.26546311378479004
0.26627206802368164
0.2664330005645752
0.266603946685791
0.26712799072265625
0.2684030532836914
0.26842498779296875
0.2685389518737793
0.26854419708251953
0.2691810131072998
0.26995086669921875
0.27066802978515625
0.2713780403137207
0.27144718170166016
0.27167201042175293
0.27239489555358887
0.27282190322875977
0.27338600158691406
0.2760939598083496
0.2763948440551758
0.2787799835205078
0.2805030345916748
0.2814610004425049
0.2832679748535156
0.28360700607299805
0.28423285484313965
0.28426504135131836
0.28741884231567383
0.2879049777984619
0.3060760498046875
0.6455159187316895
0.6632750034332275
0.6661169528961182
0.6665949821472168
0.6702969074249268
0.6704411506652832
0.6733829975128174
0.6750729084014893
0.675468921661377
0.6772570610046387
0.6779129505157471
0.6804502010345459
0.6818220615386963
0.6818768978118896
0.6827061176300049
0.6833889484405518
0.6836380958557129
0.6901979446411133
0.6939151287078857
0.696577787399292
0.6971220970153809
0.69930100440979
1.0150249004364014
1.0156059265136719
1.016568899154663
1.0179109573364258
1.0186359882354736
1.0200340747833252
1.0202829837799072
1.021317958831787
1.0215988159179688
1.0218172073364258
1.0219390392303467
1.022002935409546
1.0229151248931885
1.0229759216308594
1.0229809284210205
1.023766040802002
1.0239179134368896
1.0239851474761963
1.0241010189056396
1.024172067642212
1.0244128704071045
1.0256290435791016
1.0258078575134277
1.0258409976959229
1.0266101360321045
1.0273289680480957
1.027343988418579
1.027561902999878
1.0277512073516846
1.0281109809875488
1.0282092094421387
1.0282418727874756
1.0282580852508545
1.028379201889038
1.028550148010254
1.0288171768188477
1.0293529033660889
1.0294840335845947
1.0299279689788818
1.0305800437927246
1.030890941619873
1.0308990478515625
1.031074047088623
1.0316331386566162
1.0331459045410156
1.0332250595092773
1.0333747863769531
1.0336830615997314
1.0338799953460693
1.0339460372924805
1.0342090129852295
1.0344278812408447
1.034588098526001
1.0347139835357666
1.0348320007324219
1.0350358486175537
1.0350749492645264
1.035181999206543
1.0352139472961426
1.0353000164031982
1.0353620052337646
1.035372018814087
1.0354669094085693
1.0355348587036133
1.0358269214630127
1.0359339714050293
1.0360040664672852
1.036203145980835
1.0367369651794434
1.03731107711792
1.037513017654419
1.0377089977264404
1.0380959510803223
1.0381429195404053
1.038869857788086
1.0392279624938965
1.0394580364227295
1.0394618511199951
1.0396690368652344
1.0397069454193115
1.0402328968048096
1.0403060913085938
1.0403110980987549
1.0403389930725098
1.0405628681182861
1.041274070739746
1.0413401126861572
1.0415339469909668
1.0419318675994873
1.0420160293579102
1.0421929359436035
1.0422618389129639
1.0425388813018799
1.0429551601409912
1.0432040691375732
1.0432040691375732
1.0435459613800049
1.043550968170166
1.04367995262146
1.043848991394043
1.043856143951416
1.0440869331359863
1.0441489219665527
1.0441739559173584
1.0442941188812256
1.0444860458374023
1.0446770191192627
1.0447139739990234
1.0450491905212402
1.045226812362671
1.0452361106872559
1.045240879058838
1.0457730293273926
1.0466268062591553
1.0466489791870117
1.046860933303833
1.0480740070343018
1.0487329959869385
1.0491981506347656
1.0492990016937256
1.0494091510772705
1.0496609210968018
1.0498530864715576
1.0500309467315674
1.0500540733337402
1.0503530502319336
1.050412893295288
1.0505242347717285
1.0507869720458984
1.0515949726104736
1.0520260334014893
1.0522918701171875
1.052354097366333
1.0524110794067383
1.0528340339660645
1.0528969764709473
1.0530049800872803
1.0532450675964355
1.0535638332366943
1.0536110401153564
1.0539460182189941
1.0541329383850098
1.054152011871338
1.0544140338897705
1.0547280311584473
1.0549540519714355
1.0549571514129639
1.055171012878418
1.0551888942718506
1.0565719604492188
1.056671142578125
1.0570709705352783
1.057224988937378
1.0577120780944824
1.058135986328125
1.059028148651123
1.0593440532684326
1.0593700408935547
1.0599350929260254
1.06038498878479
1.060934066772461
1.0610461235046387
1.0614378452301025
1.0618479251861572
1.063364028930664
1.0637879371643066
1.0656490325927734
1.0657978057861328
1.0667529106140137
1.067518949508667
1.0681300163269043
1.0698699951171875
1.0701119899749756
1.0705499649047852
1.0716419219970703
1.0721209049224854
1.0725409984588623
1.0731959342956543
1.2271969318389893
1.234555959701538
1.2354559898376465
1.2412090301513672
1.2428159713745117
1.2430088520050049
1.246971845626831
1.2476348876953125
1.2479510307312012
1.2497830390930176
1.2516329288482666
1.2653629779815674
1.2657511234283447
1.2717180252075195
1.2719979286193848
1.2730329036712646
1.2863221168518066
1.2877748012542725
1.2899792194366455
1.5273020267486572
1.5313801765441895
1.5519630908966064
1.6945538520812988
1.6960029602050781
1.7062840461730957
3.0106329917907715
3.024416923522949
3.0247960090637207
3.0247979164123535
3.0251970291137695
3.029515027999878
3.030463933944702
3.0329418182373047
3.0343410968780518
3.0350539684295654
3.036118984222412
3.0375540256500244
3.0376930236816406
3.038686990737915
3.0429439544677734
3.0432748794555664
3.0456440448760986
3.045738935470581
3.0477168560028076
3.048279047012329
3.048637866973877
3.048743963241577
3.048784017562866
3.049250841140747
3.0499110221862793
3.053661823272705
3.054960012435913
3.0554308891296387
3.0565788745880127
3.0596420764923096
3.060175895690918
3.061352014541626
3.064291000366211
3.0688369274139404
3.2476489543914795
3.25962495803833
3.2600159645080566
3.2809109687805176
4.243430137634277
4.244875907897949
7.039428949356079
7.0700109004974365
