0.03282499313354492
0.03554201126098633
0.03626894950866699
0.03644704818725586
0.03675103187561035
0.038575172424316406
0.03956794738769531
0.039579153060913086
0.04001116752624512
0.042958974838256836
0.044426918029785156
0.044912099838256836
0.045346975326538086
0.045983076095581055
0.047882080078125
0.048005104064941406
0.04802584648132324
0.048043012619018555
0.04809379577636719
0.048130035400390625
0.048326969146728516
0.04855084419250488
0.049942970275878906
0.05191302299499512
0.052026987075805664
0.052104949951171875
0.0522770881652832
0.05287885665893555
0.052934885025024414
0.054234981536865234
0.054795026779174805
0.0555269718170166
0.0557100772857666
0.05601906776428223
0.05655312538146973
0.05665302276611328
0.057641029357910156
0.05769014358520508
0.05788087844848633
0.058699846267700195
0.05884981155395508
0.05893993377685547
0.05921792984008789
0.05967307090759277
0.05999016761779785
0.0602109432220459
0.06025290489196777
0.06210207939147949
0.062200069427490234
0.062352895736694336
0.06249809265136719
0.06385493278503418
0.06458497047424316
0.06466007232666016
0.06507706642150879
0.06672096252441406
0.06676006317138672
0.06801605224609375
0.06916618347167969
0.06955909729003906
0.07027387619018555
0.07048702239990234
0.07307982444763184
0.07323694229125977
0.0735311508178711
0.07384300231933594
0.07448792457580566
0.07585978507995605
0.07664990425109863
0.0779869556427002
0.07850193977355957
0.08189606666564941
0.08195900917053223
0.08301496505737305
0.08350181579589844
0.08707690238952637
0.08773303031921387
0.09343719482421875
0.09395599365234375
0.09657120704650879
0.09783601760864258
0.1077570915222168
0.10846209526062012
0.26027703285217285
0.2655341625213623
0.2726891040802002
0.28490710258483887
0.30756282806396484
0.30953502655029297
0.30995798110961914
0.3181741237640381
0.33935999870300293
0.6920840740203857
0.6928310394287109
0.7096037864685059
0.7168939113616943
0.7232491970062256
0.7526280879974365
0.7576148509979248
0.7629518508911133
1.0375490188598633
1.0409250259399414
1.049785852432251
1.049787998199463
1.0500380992889404
1.0547261238098145
1.0549190044403076
1.0561838150024414
1.0564448833465576
1.056485891342163
1.0566089153289795
1.0582289695739746
1.0657157897949219
1.071692943572998
1.0728700160980225
1.0728909969329834
1.0761280059814453
1.0957369804382324
1.2601449489593506
1.287883996963501
1.288102149963379
1.3025410175323486
2.6350371837615967
3.032352924346924
3.0364980697631836
3.0390849113464355
3.0479350090026855
3.05057692527771
3.051126003265381
3.0565171241760254
3.05912709236145
3.0609819889068604
3.063839912414551
3.0690770149230957
3.076932907104492
3.0900068283081055
3.2623372077941895
3.7148959636688232
4.584638833999634
6.315571069717407
6.324609994888306
7.036833047866821
7.048197984695435
7.069447994232178
7.273069858551025
7.732030153274536
15.048145055770874
