0.005594015121459961
0.006144046783447266
0.006271839141845703
0.007859945297241211
0.008078813552856445
0.008655786514282227
0.008769035339355469
0.010200023651123047
0.010435819625854492
0.010554075241088867
0.011775970458984375
0.011893987655639648
0.012405872344970703
0.0125579833984375
0.012974977493286133
0.013221979141235352
0.01409292221069336
0.015264034271240234
0.015334129333496094
0.01562809944152832
0.015813827514648438
0.015935897827148438
0.0160520076751709
0.016217947006225586
0.016614913940429688
0.016685962677001953
0.01670694351196289
0.016827106475830078
0.01687908172607422
0.017007112503051758
0.017152070999145508
0.01723504066467285
0.017235994338989258
0.01725292205810547
0.017338991165161133
0.01751399040222168
0.017515182495117188
0.017531156539916992
0.017718076705932617
0.017920970916748047
0.01795482635498047
0.017986059188842773
0.018136024475097656
0.018201112747192383
0.018281936645507812
0.01828598976135254
0.018396854400634766
0.01842188835144043
0.018455982208251953
0.018522024154663086
0.01860785484313965
0.018647193908691406
0.018654823303222656
0.01873612403869629
0.01874709129333496
0.018761157989501953
0.018790006637573242
0.01884007453918457
0.018854141235351562
0.018931150436401367
0.01895594596862793
0.01901698112487793
0.0190579891204834
0.019068002700805664
0.01920914649963379
0.019264936447143555
0.019392013549804688
0.019442081451416016
0.01946711540222168
0.019482135772705078
0.01955413818359375
0.019556045532226562
0.01955699920654297
0.019572973251342773
0.01972794532775879
0.01973581314086914
0.01976490020751953
0.019767045974731445
0.01977705955505371
0.01985788345336914
0.019943952560424805
0.01996922492980957
0.020136117935180664
0.020266056060791016
0.02030801773071289
0.020362138748168945
0.020376920700073242
0.020390987396240234
0.02041912078857422
0.020461082458496094
0.020466089248657227
0.02051687240600586
0.020535945892333984
0.02062201499938965
0.0206298828125
0.020645856857299805
0.02065587043762207
0.020737886428833008
0.020746946334838867
0.020752906799316406
0.020765066146850586
0.02084517478942871
0.020871877670288086
0.02090597152709961
0.02090597152709961
0.020938873291015625
0.02099895477294922
0.02101278305053711
0.02102494239807129
0.02112603187561035
0.021164894104003906
0.021342039108276367
0.021371126174926758
0.021380186080932617
0.02143120765686035
0.02148294448852539
0.021488189697265625
0.021510839462280273
0.02153801918029785
0.021542072296142578
0.021565914154052734
0.02158498764038086
0.021672964096069336
0.021717071533203125
0.02182483673095703
0.021837949752807617
0.02185797691345215
0.021869897842407227
0.02187800407409668
0.02187800407409668
0.02191901206970215
0.021998882293701172
0.02201700210571289
0.022021055221557617
0.022038936614990234
0.02210092544555664
0.02210211753845215
0.022111892700195312
0.02212691307067871
0.022149085998535156
0.022160053253173828
0.0221710205078125
0.02220892906188965
0.02221512794494629
0.022249937057495117
0.02225184440612793
0.022285938262939453
0.022308826446533203
0.0223238468170166
0.02233600616455078
0.02235102653503418
0.022436141967773438
0.02246713638305664
0.022504806518554688
0.022515058517456055
0.022521018981933594
0.022562026977539062
0.02265000343322754
0.022650957107543945
0.022806882858276367
0.022844791412353516
0.02284693717956543
0.02286696434020996
0.022929906845092773
0.02294301986694336
0.022946834564208984
0.02300286293029785
0.02301812171936035
0.02301812171936035
0.023064136505126953
0.023083209991455078
0.02312183380126953
0.023152828216552734
0.023159027099609375
0.02317500114440918
0.023194074630737305
0.023200035095214844
0.023234128952026367
0.023247957229614258
0.0232999324798584
0.023354053497314453
0.023368120193481445
0.023391008377075195
0.023396968841552734
0.023416996002197266
0.023422956466674805
0.02344202995300293
0.02345108985900879
0.02347707748413086
0.023480892181396484
0.023585081100463867
0.023600101470947266
0.023613929748535156
0.023678064346313477
0.02368903160095215
0.023693084716796875
0.023746013641357422
0.023748159408569336
0.0237579345703125
0.02377796173095703
0.023780107498168945
0.02378392219543457
0.023797035217285156
0.023810863494873047
0.023821115493774414
0.023841142654418945
0.023844003677368164
0.023849964141845703
0.023855924606323242
0.023867130279541016
0.023919105529785156
0.023946046829223633
0.02394700050354004
0.024044036865234375
0.024053096771240234
0.024058818817138672
0.024096965789794922
0.02411484718322754
0.024116039276123047
0.024144887924194336
0.024153947830200195
0.02415919303894043
0.024163007736206055
0.02418804168701172
0.024188995361328125
0.02422809600830078
0.024306058883666992
0.024343013763427734
0.024344205856323242
0.02436995506286621
0.024398088455200195
0.02441096305847168
0.02444314956665039
0.02444601058959961
0.02444911003112793
0.02446293830871582
0.024513959884643555
0.024536848068237305
0.024596214294433594
0.024638891220092773
0.02467203140258789
0.024679899215698242
0.02471184730529785
0.024750947952270508
0.024806976318359375
0.024825096130371094
0.02484893798828125
0.024853944778442383
0.02485799789428711
0.02486705780029297
0.024882078170776367
0.024883031845092773
0.0248868465423584
0.024920940399169922
0.024927854537963867
0.024927854537963867
0.024936914443969727
0.02495598793029785
0.02495884895324707
0.024963855743408203
0.024963855743408203
0.024986982345581055
0.02499079704284668
0.025020837783813477
0.02504897117614746
0.02512192726135254
0.025152921676635742
0.025156021118164062
0.025171995162963867
0.02519392967224121
0.02520298957824707
0.025210142135620117
0.025227069854736328
0.02525186538696289
0.025252103805541992
0.025276899337768555
0.025279998779296875
0.025282859802246094
0.025283098220825195
0.02530503273010254
0.025311946868896484
0.025335073471069336
0.02534008026123047
0.02535700798034668
0.025391101837158203
0.02541518211364746
0.0254361629486084
0.02548813819885254
0.02556014060974121
0.025560855865478516
0.025583982467651367
0.025612831115722656
0.025616884231567383
0.025618791580200195
0.025660037994384766
0.025690078735351562
0.025700092315673828
0.025703907012939453
0.025720834732055664
0.02575993537902832
0.02576303482055664
0.025782108306884766
0.025806903839111328
0.0258481502532959
0.025866031646728516
0.025890827178955078
0.02591395378112793
0.025919198989868164
0.025923967361450195
0.025928974151611328
0.025931119918823242
0.025985002517700195
0.026015043258666992
0.02602982521057129
0.026064157485961914
0.026074886322021484
0.026124954223632812
0.02612900733947754
0.026168107986450195
0.02621603012084961
0.02622389793395996
0.026294946670532227
0.026317834854125977
0.02632284164428711
0.026426076889038086
0.02646803855895996
0.02654099464416504
0.026588916778564453
0.026611804962158203
0.026632070541381836
0.026643037796020508
0.026658058166503906
0.026660919189453125
0.02667093276977539
0.026710987091064453
0.026731014251708984
0.026752948760986328
0.026764869689941406
0.026780128479003906
0.02680206298828125
0.02681708335876465
0.02681708335876465
0.02682209014892578
0.02682209014892578
0.02682805061340332
0.02683711051940918
0.0268399715423584
0.026840925216674805
0.02686905860900879
0.026890039443969727
0.026906967163085938
0.02691197395324707
0.026929855346679688
0.026937007904052734
0.026960134506225586
0.026981115341186523
0.02700495719909668
0.027034997940063477
0.02705693244934082
0.027085065841674805
0.027107954025268555
0.02711009979248047
0.027122020721435547
0.0271298885345459
0.02713298797607422
0.027164936065673828
0.027179956436157227
0.027186155319213867
0.02719593048095703
0.02722001075744629
0.027233123779296875
0.027235031127929688
0.02725505828857422
0.027287006378173828
0.027287960052490234
0.027292966842651367
0.027309179306030273
0.027347087860107422
0.027364015579223633
0.027395009994506836
0.027400970458984375
0.027405977249145508
0.027453184127807617
0.027482032775878906
0.027508020401000977
0.027508974075317383
0.027515888214111328
0.027518033981323242
0.027528047561645508
0.027538061141967773
0.027545928955078125
0.027562856674194336
0.027570009231567383
0.027576923370361328
0.027580976486206055
0.0276031494140625
0.02762913703918457
0.027637004852294922
0.027657032012939453
0.027667999267578125
0.027682065963745117
0.027705907821655273
0.02771902084350586
0.027724027633666992
0.027759075164794922
0.027776002883911133
0.027807950973510742
0.027811050415039062
0.02781987190246582
0.027822017669677734
0.0278317928314209
0.02787494659423828
0.027877092361450195
0.0278780460357666
0.027918100357055664
0.02792215347290039
0.027937889099121094
0.02795886993408203
0.027972936630249023
0.027972936630249023
0.027977943420410156
0.027989864349365234
0.02802586555480957
0.02802586555480957
0.028030872344970703
0.02809286117553711
0.028097867965698242
0.028128862380981445
0.028139114379882812
0.028142213821411133
0.02816605567932129
0.02817988395690918
0.028198957443237305
0.02820301055908203
0.028239011764526367
0.028250932693481445
0.028273820877075195
0.028287887573242188
0.028303861618041992
0.028316020965576172
0.02833104133605957
0.02834796905517578
0.028396129608154297
0.028404951095581055
0.028406858444213867
0.028412818908691406
0.02842998504638672
0.0284421443939209
0.02844405174255371
0.028448104858398438
0.028449058532714844
0.02845907211303711
0.028461217880249023
0.02846217155456543
0.028475046157836914
0.02850198745727539
0.028540849685668945
0.02855706214904785
0.02858710289001465
0.028588056564331055
0.028633832931518555
0.028651952743530273
0.02865886688232422
0.02865910530090332
0.02868199348449707
0.028692960739135742
0.028694868087768555
0.02869582176208496
0.028696060180664062
0.028714895248413086
0.028733015060424805
0.028745174407958984
0.028749942779541016
0.028764963150024414
0.028795957565307617
0.028802871704101562
0.028807878494262695
0.028829097747802734
0.02885293960571289
0.028864145278930664
0.028876066207885742
0.02890300750732422
0.028979063034057617
0.02899312973022461
0.029056072235107422
0.029075145721435547
0.029101848602294922
0.02910614013671875
0.029153823852539062
0.029159069061279297
0.02919292449951172
0.02922797203063965
0.02922987937927246
0.029245853424072266
0.029268980026245117
0.029278039932250977
0.029315948486328125
0.029315948486328125
0.029317855834960938
0.029321908950805664
0.02932286262512207
0.02933192253112793
0.02933812141418457
0.02935004234313965
0.02938389778137207
0.029415130615234375
0.02941584587097168
0.029443979263305664
0.029449939727783203
0.029453039169311523
0.029453039169311523
0.029484987258911133
0.02948784828186035
0.029510021209716797
0.029510974884033203
0.029513120651245117
0.029515981674194336
0.029523849487304688
0.029531002044677734
0.029536962509155273
0.029560089111328125
0.029571056365966797
0.029658079147338867
0.029659032821655273
0.029713153839111328
0.029732942581176758
0.029743194580078125
0.029762983322143555
0.029783010482788086
0.029783964157104492
0.029784202575683594
0.029803991317749023
0.029832839965820312
0.029850006103515625
0.029927968978881836
0.029993057250976562
0.029993057250976562
0.03001093864440918
0.03001999855041504
0.03004002571105957
0.030089855194091797
0.03013300895690918
0.030161142349243164
0.030176877975463867
0.03021693229675293
0.030230998992919922
0.03028416633605957
0.03029489517211914
0.03029608726501465
0.030297040939331055
0.03029799461364746
0.03031301498413086
0.030313968658447266
0.030325889587402344
0.030350923538208008
0.03035593032836914
0.03035712242126465
0.030375003814697266
0.030384063720703125
0.030395030975341797
0.030399084091186523
0.03040599822998047
0.03040599822998047
0.0304110050201416
0.030414819717407227
0.030416011810302734
0.030423879623413086
0.030430078506469727
0.030431032180786133
0.030440807342529297
0.03046107292175293
0.030462980270385742
0.03051900863647461
0.030521869659423828
0.030585050582885742
0.03061509132385254
0.030642032623291016
0.03064894676208496
0.030653953552246094
0.03067493438720703
0.03070998191833496
0.030721187591552734
0.03074193000793457
0.030763864517211914
0.030765056610107422
0.030777931213378906
0.030810117721557617
0.030843019485473633
0.03085017204284668
0.03086400032043457
0.030871868133544922
0.030913114547729492
0.030949831008911133
0.03095388412475586
0.030954837799072266
0.03096795082092285
0.030972003936767578
0.030994892120361328
0.031002044677734375
0.031002044677734375
0.031004905700683594
0.03102898597717285
0.03104114532470703
0.031094074249267578
0.031126022338867188
0.031145811080932617
0.031158924102783203
0.031163930892944336
0.0312039852142334
0.031213045120239258
0.031237125396728516
0.03127789497375488
0.03129100799560547
0.031305789947509766
0.03133511543273926
0.03134298324584961
0.031362056732177734
0.03138399124145508
0.031419992446899414
0.031419992446899414
0.031432151794433594
0.03143501281738281
0.03145194053649902
0.03146696090698242
0.03147101402282715
0.031471967697143555
0.03147602081298828
0.031603097915649414
0.03161907196044922
0.03162813186645508
0.03163504600524902
0.03163790702819824
0.03168511390686035
0.0316920280456543
0.03171896934509277
0.03172492980957031
0.03173089027404785
0.03173708915710449
0.031755924224853516
0.03177595138549805
0.031785011291503906
0.031819820404052734
0.03183293342590332
0.03183293342590332
0.03183698654174805
0.031852006912231445
0.031861066818237305
0.03190302848815918
0.03192281723022461
0.0319371223449707
0.031950950622558594
0.03195619583129883
0.03196406364440918
0.03197598457336426
0.03199410438537598
0.03201103210449219
0.03201913833618164
0.03202199935913086
0.03206300735473633
0.032102108001708984
0.032128095626831055
0.03217291831970215
0.03217792510986328
0.03218483924865723
0.032196998596191406
0.032235145568847656
0.03226184844970703
0.03226613998413086
0.03226804733276367
0.03227400779724121
0.032277822494506836
0.03228306770324707
0.03228306770324707
0.0323028564453125
0.03230905532836914
0.032330989837646484
0.03233695030212402
0.03236794471740723
0.03237104415893555
0.03237199783325195
0.032402992248535156
0.032434940338134766
0.032447099685668945
0.032464027404785156
0.03250408172607422
0.03250908851623535
0.03253889083862305
0.03255891799926758
0.03260302543640137
0.03268599510192871
0.032711029052734375
0.032774925231933594
0.032804012298583984
0.032842159271240234
0.032865047454833984
0.03292989730834961
0.03298616409301758
0.0329899787902832
0.03299403190612793
0.03304100036621094
0.033045053482055664
0.033065080642700195
0.03312397003173828
0.033168792724609375
0.03318977355957031
0.03319501876831055
0.03319692611694336
0.03320598602294922
0.03320884704589844
0.03323197364807129
0.03325200080871582
0.03325605392456055
0.03325986862182617
0.03327512741088867
0.03329896926879883
0.03339409828186035
0.03343796730041504
0.03344011306762695
0.0334630012512207
0.03347206115722656
0.03351402282714844
0.03355979919433594
0.03356814384460449
0.033577919006347656
0.033624887466430664
0.033648014068603516
0.033675193786621094
0.033689022064208984
0.03371000289916992
0.03371095657348633
0.033715009689331055
0.03371906280517578
0.03372001647949219
0.033750057220458984
0.0337519645690918
0.03377199172973633
0.03380417823791504
0.03389596939086914
0.033905029296875
0.03390979766845703
0.03395485877990723
0.03395795822143555
0.03396296501159668
0.033965110778808594
0.03397321701049805
0.03397679328918457
0.03400421142578125
0.034008026123046875
0.03401780128479004
0.03404879570007324
0.0340728759765625
0.03408408164978027
0.03409409523010254
0.034095048904418945
0.03412604331970215
0.034134864807128906
0.03416800498962402
0.034173011779785156
0.03419089317321777
0.03420209884643555
0.03422403335571289
0.03423500061035156
0.03426003456115723
0.03428006172180176
0.034288883209228516
0.03431200981140137
0.03432297706604004
0.034353017807006836
0.03437089920043945
0.03438305854797363
0.03438401222229004
0.034394025802612305
0.034413814544677734
0.03442096710205078
0.034438133239746094
0.0344538688659668
0.03447604179382324
0.03453207015991211
0.034559011459350586
0.03456902503967285
0.03458213806152344
0.03459000587463379
0.03461503982543945
0.03462100028991699
0.03462505340576172
0.03466391563415527
0.03468012809753418
0.03469395637512207
0.03470301628112793
0.03472900390625
0.034732818603515625
0.03473496437072754
0.03473711013793945
0.03477597236633301
0.034776926040649414
0.03477907180786133
0.03479480743408203
0.03480792045593262
0.034822940826416016
0.03483700752258301
0.03486490249633789
0.03488588333129883
0.03490495681762695
0.03491497039794922
0.03492403030395508
0.0349268913269043
0.03493309020996094
0.03497600555419922
0.03498482704162598
0.03508281707763672
0.03508782386779785
0.035102128982543945
0.03511190414428711
0.03511309623718262
0.03513789176940918
0.03515481948852539
0.03515911102294922
0.03524208068847656
0.035269975662231445
0.0352778434753418
0.03528594970703125
0.03528904914855957
0.03535604476928711
0.035360097885131836
0.03538203239440918
0.035407066345214844
0.035408973693847656
0.03541994094848633
0.035423994064331055
0.03543710708618164
0.03549790382385254
0.03551888465881348
0.03551912307739258
0.03557896614074707
0.0355839729309082
0.03560209274291992
0.035633087158203125
0.03565406799316406
0.035674095153808594
0.03567790985107422
0.035707950592041016
0.03572487831115723
0.03574109077453613
0.035758018493652344
0.03576302528381348
0.03578519821166992
0.035794973373413086
0.035809993743896484
0.03585004806518555
0.03591179847717285
0.035919904708862305
0.03593301773071289
0.03594398498535156
0.035977840423583984
0.0359799861907959
0.035987138748168945
0.036013126373291016
0.036086082458496094
0.03608822822570801
0.03612804412841797
0.036158084869384766
0.036177873611450195
0.03621697425842285
0.03624582290649414
0.036257028579711914
0.0362858772277832
0.03629899024963379
0.036303043365478516
0.03631091117858887
0.0363309383392334
0.036338090896606445
0.03636312484741211
0.03644990921020508
0.03645491600036621
0.03645896911621094
0.036461830139160156
0.036489009857177734
0.03653597831726074
0.03654193878173828
0.0365450382232666
0.03656506538391113
0.03658604621887207
0.036602020263671875
0.03662991523742676
0.03664803504943848
0.036650896072387695
0.036650896072387695
0.03665518760681152
0.03665804862976074
0.03665900230407715
0.03668212890625
0.03670096397399902
0.036737918853759766
0.036746978759765625
0.036756038665771484
0.03677511215209961
0.03679394721984863
0.03685784339904785
0.03688502311706543
0.03694605827331543
0.03697991371154785
0.03699994087219238
0.0370030403137207
0.03700995445251465
0.03705787658691406
0.037078857421875
0.03708696365356445
0.03709602355957031
0.03710794448852539
0.03710794448852539
0.03711390495300293
0.03712296485900879
0.03712916374206543
0.0372011661529541
0.03721213340759277
0.0372319221496582
0.03727912902832031
0.03733110427856445
0.037348031997680664
0.03738093376159668
0.037439823150634766
0.03744101524353027
0.0374760627746582
0.03749799728393555
0.03752899169921875
0.03754401206970215
0.03754711151123047
0.03755807876586914
0.037567138671875
0.03764486312866211
0.03765106201171875
0.03766202926635742
0.03774905204772949
0.03777313232421875
0.03779006004333496
0.03779482841491699
0.0377960205078125
0.03780317306518555
0.03781604766845703
0.03781604766845703
0.037821054458618164
0.03782296180725098
0.03785395622253418
0.03787708282470703
0.03793692588806152
0.03793811798095703
0.03796100616455078
0.0379791259765625
0.03798103332519531
0.037982940673828125
0.037988901138305664
0.03800511360168457
0.038047075271606445
0.03813791275024414
0.038144826889038086
0.038172006607055664
0.038229942321777344
0.03826904296875
0.0382838249206543
0.03830385208129883
0.03831601142883301
0.038342952728271484
0.03834700584411621
0.03838205337524414
0.0384058952331543
0.03840899467468262
0.03840899467468262
0.038411855697631836
0.03842592239379883
0.038450002670288086
0.03846597671508789
0.03847503662109375
0.03848409652709961
0.038507938385009766
0.03852510452270508
0.0385279655456543
0.03853583335876465
0.0385439395904541
0.03854799270629883
0.038555145263671875
0.03856611251831055
0.03857302665710449
0.038619041442871094
0.03862905502319336
0.03866982460021973
0.038691043853759766
0.03869199752807617
0.0386960506439209
0.0387270450592041
0.038765907287597656
0.038784027099609375
0.038786888122558594
0.03879094123840332
0.03883504867553711
0.03889608383178711
0.03896188735961914
0.03896212577819824
0.03896594047546387
0.03897500038146973
0.038993120193481445
0.0390322208404541
0.03903603553771973
0.039045095443725586
0.03904604911804199
0.0390620231628418
0.03906989097595215
0.03910398483276367
0.039163827896118164
0.03918910026550293
0.03919696807861328
0.03922700881958008
0.03927111625671387
0.03929495811462402
0.03929901123046875
0.03933405876159668
0.039354801177978516
0.03938913345336914
0.039441823959350586
0.039446115493774414
0.03944706916809082
0.039453983306884766
0.03945517539978027
0.039482831954956055
0.03951907157897949
0.03953814506530762
0.03955411911010742
0.0395810604095459
0.03959012031555176
0.0395970344543457
0.03962397575378418
0.03962993621826172
0.039639949798583984
0.039650917053222656
0.03965401649475098
0.0397188663482666
0.03976321220397949
0.039778947830200195
0.0397801399230957
0.039852142333984375
0.03987693786621094
0.03988194465637207
0.039897918701171875
0.03990793228149414
0.039917945861816406
0.03992295265197754
0.039929866790771484
0.03995490074157715
0.03996896743774414
0.03998398780822754
0.0400698184967041
0.04009580612182617
0.04018092155456543
0.04018902778625488
0.04023885726928711
0.04024696350097656
0.040251970291137695
0.04027199745178223
0.04029202461242676
0.04029703140258789
0.04033017158508301
0.04033803939819336
0.040374040603637695
0.04037594795227051
0.04041910171508789
0.040426015853881836
0.04043006896972656
0.04043889045715332
0.04044485092163086
0.04044795036315918
0.04045391082763672
0.04048299789428711
0.04050803184509277
0.04051494598388672
0.040515899658203125
0.04055595397949219
0.040563106536865234
0.040563106536865234
0.04057002067565918
0.04057502746582031
0.040576934814453125
0.040585994720458984
0.040596961975097656
0.04059791564941406
0.040606021881103516
0.04065299034118652
0.040654897689819336
0.040676116943359375
0.04068303108215332
0.040695905685424805
0.04070901870727539
0.04071187973022461
0.04071998596191406
0.04072213172912598
0.040747880935668945
0.04075288772583008
0.04078316688537598
0.04078793525695801
0.04079794883728027
0.04080080986022949
0.04082012176513672
0.04082894325256348
0.040838003158569336
0.04086899757385254
0.04088592529296875
0.04088997840881348
0.04091787338256836
0.040966033935546875
0.04097795486450195
0.04098701477050781
0.04099321365356445
0.04101109504699707
0.04102492332458496
0.04103899002075195
0.04105210304260254
0.04107213020324707
0.04110002517700195
0.04110288619995117
0.04114508628845215
0.04115486145019531
0.0411679744720459
0.04117989540100098
0.04118180274963379
0.0411829948425293
0.041188955307006836
0.041192054748535156
0.04119586944580078
0.04119992256164551
0.04121804237365723
0.04122805595397949
0.041229963302612305
0.04124903678894043
0.041361093521118164
0.04137587547302246
0.04139208793640137
0.041413068771362305
0.04141807556152344
0.04141998291015625
0.041448116302490234
0.04154610633850098
0.0415499210357666
0.04155993461608887
0.04157304763793945
0.04160499572753906
0.041610002517700195
0.04162001609802246
0.04165482521057129
0.041658878326416016
0.04169487953186035
0.04170083999633789
0.04180598258972168
0.04181408882141113
0.041831016540527344
0.04183483123779297
0.04186391830444336
0.04186892509460449
0.04189705848693848
0.04191184043884277
0.041931867599487305
0.041931867599487305
0.0419468879699707
0.04195284843444824
0.04195880889892578
0.04196500778198242
0.04196906089782715
0.04198503494262695
0.041998863220214844
0.04200887680053711
0.04204893112182617
0.042053937911987305
0.042073965072631836
0.042079925537109375
0.042086124420166016
0.042086124420166016
0.04208803176879883
0.04210495948791504
0.042131900787353516
0.04213595390319824
0.042144060134887695
0.042147159576416016
0.04216504096984863
0.04217696189880371
0.04218101501464844
0.042181968688964844
0.04220700263977051
0.042215824127197266
0.042223215103149414
0.042227983474731445
0.0422368049621582
0.04224395751953125
0.042257070541381836
0.042298078536987305
0.04230308532714844
0.042315006256103516
0.04232311248779297
0.04233098030090332
0.042365074157714844
0.04237103462219238
0.04238390922546387
0.042465925216674805
0.042582035064697266
0.042593955993652344
0.04259991645812988
0.04260993003845215
0.04267096519470215
0.042695045471191406
0.04270291328430176
0.04270482063293457
0.042706966400146484
0.04272198677062988
0.042736053466796875
0.042736053466796875
0.04273796081542969
0.04275321960449219
0.04275703430175781
0.04275798797607422
0.04278111457824707
0.04280900955200195
0.04281282424926758
0.04281497001647949
0.042845964431762695
0.042849063873291016
0.04286313056945801
0.04286694526672363
0.04286789894104004
0.042871952056884766
0.04288506507873535
0.0428929328918457
0.04291081428527832
0.042938947677612305
0.04296302795410156
0.04296684265136719
0.04299211502075195
0.04299497604370117
0.04301285743713379
0.04302787780761719
0.04302811622619629
0.043035030364990234
0.0430600643157959
0.043061017990112305
0.043073177337646484
0.043092966079711914
0.04309487342834473
0.043116092681884766
0.04314899444580078
0.043186187744140625
0.04325509071350098
0.04332900047302246
0.04334211349487305
0.04334402084350586
0.0433650016784668
0.04338502883911133
0.04341483116149902
0.04344296455383301
0.043498992919921875
0.043505191802978516
0.04351687431335449
0.043550968170166016
0.04355597496032715
0.043562889099121094
0.04356789588928223
0.043665170669555664
0.04369497299194336
0.04370403289794922
0.04372096061706543
0.04372286796569824
0.043736934661865234
0.04374885559082031
0.043775081634521484
0.043788909912109375
0.04379391670227051
0.04380202293395996
0.04381299018859863
0.04392218589782715
0.043969154357910156
0.04398393630981445
0.0440061092376709
0.04405498504638672
0.04406285285949707
0.04407000541687012
0.044075965881347656
0.04407906532287598
0.04410409927368164
0.0441288948059082
0.044129133224487305
0.04415297508239746
0.04416394233703613
0.04416608810424805
0.04417920112609863
0.04417991638183594
0.04418587684631348
0.04423713684082031
0.044241905212402344
0.04425692558288574
0.044291019439697266
0.04429197311401367
0.04431295394897461
0.04433798789978027
0.044362783432006836
0.04437589645385742
0.04438519477844238
0.044400930404663086
0.0444028377532959
0.04441499710083008
0.0444180965423584
0.044448137283325195
0.04448103904724121
0.04448390007019043
0.044564008712768555
0.04462289810180664
0.04466700553894043
0.044703006744384766
0.044844865798950195
0.04484915733337402
0.0448760986328125
0.04490804672241211
0.0449371337890625
0.04494309425354004
0.044960975646972656
0.04496622085571289
0.04497098922729492
0.04497194290161133
0.044998884201049805
0.045001983642578125
0.0450139045715332
0.04501485824584961
0.04503202438354492
0.04510807991027832
0.045114994049072266
0.04513907432556152
0.04514193534851074
0.04514288902282715
0.04514503479003906
0.04514598846435547
0.045156002044677734
0.04515695571899414
0.04519200325012207
0.04520106315612793
0.045204877853393555
0.045220136642456055
0.04523897171020508
0.0452580451965332
0.04527091979980469
0.04529094696044922
0.04529905319213867
0.04531502723693848
0.045350074768066406
0.04537200927734375
0.04537606239318848
0.045385122299194336
0.04540205001831055
0.04540395736694336
0.04541015625
0.04549288749694824
0.04549407958984375
0.04555106163024902
0.04559183120727539
0.04560995101928711
0.04564309120178223
0.04564809799194336
0.04567599296569824
0.04570484161376953
0.04575204849243164
0.045755863189697266
0.045799970626831055
0.045867919921875
0.04588198661804199
0.045907020568847656
0.045909881591796875
0.045944929122924805
0.045990943908691406
0.04600811004638672
0.0460209846496582
0.046057939529418945
0.04606199264526367
0.046096086502075195
0.04614996910095215
0.04618501663208008
0.04619717597961426
0.04625201225280762
0.04628396034240723
0.04631400108337402
0.0463411808013916
0.04638195037841797
0.04639005661010742
0.04641103744506836
0.04641890525817871
0.04641914367675781
0.04642891883850098
0.046449899673461914
0.04645586013793945
0.04645705223083496
0.04645895957946777
0.04654192924499512
0.04655098915100098
0.04655790328979492
0.04659390449523926
0.04661393165588379
0.046647071838378906
0.04670906066894531
0.0467529296875
0.046772003173828125
0.04677605628967285
0.04685497283935547
0.04686307907104492
0.04689812660217285
0.04689908027648926
0.046926021575927734
0.04692888259887695
0.0469970703125
0.04700899124145508
0.047039031982421875
0.0470728874206543
0.04711604118347168
0.047129154205322266
0.047132015228271484
0.04717302322387695
0.04721188545227051
0.04721498489379883
0.047257184982299805
0.04726600646972656
0.04727602005004883
0.04734206199645996
0.047345876693725586
0.04735088348388672
0.047360897064208984
0.0473790168762207
0.04740715026855469
0.04741382598876953
0.04741406440734863
0.04742097854614258
0.04743814468383789
0.047441959381103516
0.04754781723022461
0.047551870346069336
0.04755401611328125
0.047583818435668945
0.04760313034057617
0.047617197036743164
0.04762697219848633
0.04763007164001465
0.04766106605529785
0.04766583442687988
0.04768180847167969
0.04770398139953613
0.04771900177001953
0.04772186279296875
0.0477747917175293
0.04780292510986328
0.047815799713134766
0.04783296585083008
0.04785895347595215
0.0478818416595459
0.0478971004486084
0.047914981842041016
0.04793906211853027
0.0479588508605957
0.0480799674987793
0.04815101623535156
0.048227787017822266
0.048230886459350586
0.04827308654785156
0.048277854919433594
0.04829597473144531
0.04831099510192871
0.048426151275634766
0.0485231876373291
0.04860687255859375
0.04860687255859375
0.04861712455749512
0.048621177673339844
0.048666954040527344
0.048681020736694336
0.04869198799133301
0.048727989196777344
0.0487370491027832
0.04875302314758301
0.04877209663391113
0.04878401756286621
0.04879403114318848
0.048806190490722656
0.04886507987976074
0.048905134201049805
0.04891085624694824
0.04891514778137207
0.048948049545288086
0.04896402359008789
0.048974037170410156
0.049021005630493164
0.04907989501953125
0.04913496971130371
0.04920196533203125
0.04921984672546387
0.04923200607299805
0.04924178123474121
0.04925107955932617
0.04930710792541504
0.04935002326965332
0.04936408996582031
0.04941082000732422
0.04944586753845215
0.049466848373413086
0.049504995346069336
0.049527883529663086
0.049555063247680664
0.04958701133728027
0.049627065658569336
0.04964804649353027
0.04968881607055664
0.04968905448913574
0.049694061279296875
0.04969596862792969
0.04972100257873535
0.04973006248474121
0.04973721504211426
0.049806833267211914
0.04982805252075195
0.04983210563659668
0.0498349666595459
0.04988288879394531
0.04993915557861328
0.04993915557861328
0.0499570369720459
0.04998302459716797
0.05001497268676758
0.050073862075805664
0.050096988677978516
0.05014801025390625
0.050151824951171875
0.05015397071838379
0.05016493797302246
0.05017590522766113
0.05019402503967285
0.050256967544555664
0.05028510093688965
0.05030488967895508
0.05032086372375488
0.05032491683959961
0.05039787292480469
0.050475120544433594
0.05048680305480957
0.05049586296081543
0.05049610137939453
0.050501108169555664
0.05059099197387695
0.050604820251464844
0.0506291389465332
0.050668954849243164
0.05083799362182617
0.05085492134094238
0.050882816314697266
0.05096578598022461
0.05098390579223633
0.050994873046875
0.051009178161621094
0.05101895332336426
0.05110502243041992
0.05111408233642578
0.05117988586425781
0.05123019218444824
0.05124402046203613
0.051245927810668945
0.05128908157348633
0.05130505561828613
0.05130600929260254
0.05132603645324707
0.051354169845581055
0.05139517784118652
0.05148601531982422
0.05151796340942383
0.051577091217041016
0.05166220664978027
0.05175900459289551
0.05182003974914551
0.051835060119628906
0.05186104774475098
0.05188393592834473
0.051911115646362305
0.05199313163757324
0.05212807655334473
0.05215883255004883
0.05222010612487793
0.0522918701171875
0.05229997634887695
0.05230307579040527
0.052314043045043945
0.052329063415527344
0.05237698554992676
0.05239605903625488
0.05243396759033203
0.052449941635131836
0.052475929260253906
0.0524899959564209
0.05250906944274902
0.05251908302307129
0.05252194404602051
0.052523136138916016
0.05252504348754883
0.05256295204162598
0.05271005630493164
0.05274796485900879
0.052800893783569336
0.05281782150268555
0.05304694175720215
0.053063154220581055
0.05312299728393555
0.05314993858337402
0.05322599411010742
0.053231000900268555
0.0532989501953125
0.05332183837890625
0.05338001251220703
0.05344510078430176
0.0534820556640625
0.05353879928588867
0.05361819267272949
0.05370378494262695
0.05372190475463867
0.05384993553161621
0.053961992263793945
0.05410599708557129
0.05420684814453125
0.05423402786254883
0.054248809814453125
0.05429506301879883
0.05432605743408203
0.05435895919799805
0.05438709259033203
0.05445599555969238
0.054466962814331055
0.05448007583618164
0.05453205108642578
0.05454087257385254
0.05464315414428711
0.05464601516723633
0.05470705032348633
0.054731130599975586
0.05475902557373047
0.054808855056762695
0.054876089096069336
0.0549321174621582
0.05495405197143555
0.05499005317687988
0.055032968521118164
0.055158138275146484
0.05519890785217285
0.05519986152648926
0.05527901649475098
0.05541515350341797
0.05550408363342285
0.05557107925415039
0.05557107925415039
0.05572509765625
0.0557398796081543
0.05585908889770508
0.05588507652282715
0.05592012405395508
0.05592989921569824
0.05595803260803223
0.05600094795227051
0.05607295036315918
0.056099891662597656
0.05610084533691406
0.056101083755493164
0.056138038635253906
0.056156158447265625
0.05617403984069824
0.056220054626464844
0.05623888969421387
0.05624699592590332
0.056365966796875
0.056426048278808594
0.056450843811035156
0.05649995803833008
0.056555986404418945
0.05655694007873535
0.05663490295410156
0.05665087699890137
0.05669403076171875
0.056730031967163086
0.05684185028076172
0.056867122650146484
0.05686807632446289
0.05687212944030762
0.056915998458862305
0.056958913803100586
0.0570828914642334
0.05708503723144531
0.05709981918334961
0.057109832763671875
0.05711197853088379
0.057112932205200195
0.0571439266204834
0.05717110633850098
0.05719804763793945
0.057301998138427734
0.05732607841491699
0.05733203887939453
0.05736708641052246
0.05736899375915527
0.057418107986450195
0.05749797821044922
0.057576894760131836
0.05769610404968262
0.05769991874694824
0.05770397186279297
0.05777382850646973
0.057806968688964844
0.05785202980041504
0.05795598030090332
0.05797290802001953
0.05801701545715332
0.05806899070739746
0.05814003944396973
0.05839109420776367
0.05840301513671875
0.05849814414978027
0.058506011962890625
0.058541059494018555
0.05854296684265137
0.05856180191040039
0.05864596366882324
0.058825016021728516
0.05885481834411621
0.058943986892700195
0.05896306037902832
0.05902981758117676
0.059123992919921875
0.0591888427734375
0.05920720100402832
0.05936598777770996
0.05944705009460449
0.0595858097076416
0.05976390838623047
0.05977797508239746
0.05979108810424805
0.059803009033203125
0.05984210968017578
0.06007719039916992
0.06010890007019043
0.06018209457397461
0.06026601791381836
0.06034994125366211
0.060379981994628906
0.06048297882080078
0.060487985610961914
0.06054186820983887
0.06064486503601074
0.0608220100402832
0.06084609031677246
0.0609130859375
0.06099510192871094
0.061080217361450195
0.061125993728637695
0.06121993064880371
0.06128406524658203
0.06130790710449219
0.061311960220336914
0.06142592430114746
0.06142687797546387
0.06147909164428711
0.06164097785949707
0.06172609329223633
0.061734914779663086
0.061743974685668945
0.061753034591674805
0.061775922775268555
0.06178021430969238
0.06185293197631836
0.06200408935546875
0.06205606460571289
0.06208014488220215
0.062107086181640625
0.062232017517089844
0.06235003471374512
0.06243705749511719
0.06251907348632812
0.06252098083496094
0.06253504753112793
0.06264901161193848
0.0626671314239502
0.06274986267089844
0.06276297569274902
0.06277990341186523
0.06286311149597168
0.06294798851013184
0.0631260871887207
0.06316494941711426
0.06323719024658203
0.06323885917663574
0.06333303451538086
0.06339597702026367
0.06347298622131348
0.06347417831420898
0.06350302696228027
0.06361889839172363
0.0636301040649414
0.06364703178405762
0.0636909008026123
0.06377291679382324
0.06378483772277832
0.06393885612487793
0.06403589248657227
0.06412100791931152
0.06414318084716797
0.06414604187011719
0.06421995162963867
0.06437087059020996
0.06454300880432129
0.06474804878234863
0.06479811668395996
0.06485104560852051
0.06490397453308105
0.06503701210021973
0.06508994102478027
0.06520676612854004
0.06554794311523438
0.06566190719604492
0.0657491683959961
0.06584596633911133
0.06626486778259277
0.06629800796508789
0.06631207466125488
0.06656002998352051
0.06699609756469727
0.06735897064208984
0.0675201416015625
0.0675969123840332
0.06772112846374512
0.06795501708984375
0.06801295280456543
0.06827187538146973
0.06846904754638672
0.06878900527954102
0.06904792785644531
0.06906390190124512
0.06912684440612793
0.06914997100830078
0.06945490837097168
0.06971311569213867
0.06982207298278809
0.06987619400024414
0.07003903388977051
0.07015204429626465
0.07017707824707031
0.0704648494720459
0.07064008712768555
0.07148599624633789
0.07219099998474121
0.07240700721740723
0.07260799407958984
0.07299494743347168
0.07326412200927734
0.07334399223327637
0.07372093200683594
0.07372093200683594
0.07424497604370117
0.0754389762878418
0.0754849910736084
0.07778596878051758
0.0782930850982666
0.08164191246032715
0.0843660831451416
0.08480620384216309
0.08692598342895508
0.08723998069763184
0.08728909492492676
0.21732592582702637
0.21750307083129883
0.22144389152526855
0.22185397148132324
0.2225019931793213
0.2257530689239502
0.22594499588012695
0.227463960647583
0.22751712799072266
0.22792792320251465
0.2317039966583252
0.23186397552490234
0.23230409622192383
0.23250389099121094
0.2328031063079834
0.23309707641601562
0.23328614234924316
0.23406600952148438
0.2346181869506836
0.2351541519165039
0.23591399192810059
0.23647594451904297
0.23653411865234375
0.23882794380187988
0.23938989639282227
0.24021410942077637
0.24038910865783691
0.24131107330322266
0.24178194999694824
0.24216079711914062
0.24217891693115234
0.24222493171691895
0.24228405952453613
0.24301719665527344
0.24320411682128906
0.24385380744934082
0.24400901794433594
0.24441099166870117
0.24442005157470703
0.24467110633850098
0.24536514282226562
0.24558305740356445
0.24574494361877441
0.24668097496032715
0.24727988243103027
0.24733591079711914
0.24748516082763672
0.2481861114501953
0.24840402603149414
0.24851298332214355
0.24861907958984375
0.2500419616699219
0.2500588893890381
0.25027894973754883
0.25092506408691406
0.25099706649780273
0.2518329620361328
0.25209498405456543
0.2521359920501709
0.2525510787963867
0.25295305252075195
0.2531299591064453
0.2532331943511963
0.2532930374145508
0.2535240650177002
0.2537062168121338
0.25460314750671387
0.2552180290222168
0.25562500953674316
0.2557809352874756
0.25585198402404785
0.25586390495300293
0.2559621334075928
0.25681400299072266
0.2569758892059326
0.2574131488800049
0.25744009017944336
0.2575409412384033
0.25835609436035156
0.25869297981262207
0.25890302658081055
0.25900816917419434
0.25915098190307617
0.25953102111816406
0.25954508781433105
0.25995922088623047
0.26007795333862305
0.26088786125183105
0.2609548568725586
0.2611370086669922
0.2613699436187744
0.26152920722961426
0.2617039680480957
0.2624509334564209
0.262617826461792
0.26263999938964844
0.263761043548584
0.26381707191467285
0.2639918327331543
0.26427221298217773
0.2645590305328369
0.26470017433166504
0.2647860050201416
0.2650599479675293
0.2653629779815674
0.2654249668121338
0.26543498039245605
0.26550817489624023
0.2655479907989502
0.2658061981201172
0.26583409309387207
0.2660379409790039
0.2660551071166992
0.2660679817199707
0.26624298095703125
0.2664668560028076
0.2671549320220947
0.2682530879974365
0.2694211006164551
0.26993584632873535
0.271028995513916
0.27115511894226074
0.27149105072021484
0.2720060348510742
0.2724568843841553
0.2728250026702881
0.27291202545166016
0.2736680507659912
0.2738370895385742
0.27385592460632324
0.2751491069793701
0.2756309509277344
0.27622103691101074
0.2764170169830322
0.2765679359436035
0.27700185775756836
0.2775118350982666
0.27841806411743164
0.27861714363098145
0.28180789947509766
0.28289294242858887
0.6481139659881592
0.6601078510284424
0.665740966796875
0.6752281188964844
0.6757421493530273
0.6775219440460205
0.6830918788909912
0.683513879776001
0.6858108043670654
0.6859841346740723
0.6868669986724854
0.6869299411773682
0.6883139610290527
0.6888339519500732
0.6930968761444092
0.6992831230163574
0.700347900390625
0.700814962387085
0.7013490200042725
0.7074191570281982
1.0050430297851562
1.0058650970458984
1.0074689388275146
1.0159997940063477
1.0188360214233398
1.018963098526001
1.019838809967041
1.0202500820159912
1.0206489562988281
1.0208070278167725
1.0216689109802246
1.021979808807373
1.0223231315612793
1.0223357677459717
1.0224049091339111
1.0239968299865723
1.026054859161377
1.0260608196258545
1.0265419483184814
1.0270941257476807
1.027466058731079
1.0275490283966064
1.0277152061462402
1.028048038482666
1.0280821323394775
1.0287039279937744
1.0301618576049805
1.030350923538208
1.0309560298919678
1.0311641693115234
1.0312330722808838
1.0315589904785156
1.0318470001220703
1.0319058895111084
1.031935214996338
1.0319530963897705
1.0322120189666748
1.0323238372802734
1.032567024230957
1.0326290130615234
1.0328199863433838
1.0330369472503662
1.0332272052764893
1.033308982849121
1.0340819358825684
1.0345458984375
1.03485107421875
1.0349669456481934
1.0349769592285156
1.035088062286377
1.0356249809265137
1.035940170288086
1.035964012145996
1.0360181331634521
1.0362210273742676
1.0363261699676514
1.0367529392242432
1.0371301174163818
1.0371589660644531
1.0372681617736816
1.0378670692443848
1.0379118919372559
1.0379438400268555
1.0380501747131348
1.0381770133972168
1.0381951332092285
1.0383682250976562
1.0385339260101318
1.0387239456176758
1.038952112197876
1.0389728546142578
1.0390269756317139
1.039125919342041
1.0394139289855957
1.0395159721374512
1.0397138595581055
1.0397839546203613
1.0400619506835938
1.0401711463928223
1.040437936782837
1.0404529571533203
1.0406107902526855
1.0406599044799805
1.040787935256958
1.0410280227661133
1.041154146194458
1.0411980152130127
1.0412421226501465
1.0414280891418457
1.041640043258667
1.0416531562805176
1.0417239665985107
1.0417840480804443
1.0418000221252441
1.0418388843536377
1.0420520305633545
1.0420870780944824
1.042184829711914
1.0424590110778809
1.0431599617004395
1.0436680316925049
1.0437300205230713
1.0440058708190918
1.0441009998321533
1.0441439151763916
1.044597864151001
1.0452139377593994
1.045530080795288
1.0456109046936035
1.045924186706543
1.0459420680999756
1.0467591285705566
1.0470058917999268
1.047602891921997
1.0478529930114746
1.0487627983093262
1.0487849712371826
1.049386978149414
1.0493900775909424
1.049497127532959
1.0495131015777588
1.0496277809143066
1.0507571697235107
1.0510120391845703
1.0514628887176514
1.0521509647369385
1.0523791313171387
1.0524449348449707
1.0530610084533691
1.0533289909362793
1.0539238452911377
1.0544469356536865
1.0555520057678223
1.055567979812622
1.0556449890136719
1.0558571815490723
1.0564911365509033
1.0569701194763184
1.0572481155395508
1.057297945022583
1.0578031539916992
1.0581059455871582
1.0583271980285645
1.0585219860076904
1.0588650703430176
1.0590200424194336
1.0591490268707275
1.0610649585723877
1.0614469051361084
1.0615439414978027
1.0616438388824463
1.062286138534546
1.062972068786621
1.0631790161132812
1.0636060237884521
1.064772129058838
1.064805030822754
1.069046974182129
1.0733399391174316
1.0748119354248047
1.0758748054504395
1.2270140647888184
1.2328219413757324
1.233572006225586
1.2343389987945557
1.245865821838379
1.2517271041870117
1.252713918685913
1.252713918685913
1.253154993057251
1.254960060119629
1.255875825881958
1.2575149536132812
1.2602307796478271
1.2614319324493408
1.2650527954101562
1.2658779621124268
1.2666540145874023
1.276543140411377
1.2769560813903809
1.277278184890747
1.278365135192871
1.283337116241455
1.5240249633789062
1.5240790843963623
1.525866985321045
1.5312049388885498
1.6691370010375977
1.6701300144195557
1.6830730438232422
3.0057530403137207
3.0227229595184326
3.0247280597686768
3.025315999984741
3.0274150371551514
3.0299761295318604
3.0351128578186035
3.0356879234313965
3.0365920066833496
3.0373730659484863
3.0384249687194824
3.0384490489959717
3.0385401248931885
3.038655996322632
3.0388309955596924
3.0389997959136963
3.040611982345581
3.040976047515869
3.042881965637207
3.042926073074341
3.0434019565582275
3.043689012527466
3.044222116470337
3.0449090003967285
3.0451581478118896
3.046609878540039
3.046811819076538
3.047774076461792
3.047985076904297
3.0487730503082275
3.049791097640991
3.055227041244507
3.0711090564727783
3.0730738639831543
3.073296070098877
3.073719024658203
3.237352132797241
3.2381300926208496
3.238455057144165
3.259658098220825
7.0041468143463135
7.014492034912109
7.052883148193359
7.059662103652954
